02 07 35 62 67
09 19 63 66 71
51 56 62 69 74
09 12 42 54 62
05 11 62 67 78
14 16 30 48 63
11 24 35 62 63
33 54 65 71 74
20 23 33 54 60
28 45 49 61 76
11 39 44 50 74
08 34 43 57 66
31 36 46 53 66
14 30 38 40 75
06 14 39 68 72
12 38 47 56 66
17 22 24 34 36
28 35 43 50 59
37 38 43 44 55
02 32 41 42 70
05 27 56 59 71
10 44 58 59 61
24 32 44 45 69
04 22 35 40 54
17 56 59 75 78
05 57 59 66 73
22 51 67 69 70
34 38 39 58 67
07 23 30 52 60
15 22 65 76 80
01 54 60 73 75
04 15 39 43 46
12 13 15 23 50
09 10 23 33 47
12 31 72 74 80
14 34 60 61 64
01 03 10 21 35
09 13 23 35 80
14 45 67 74 79
01 17 58 63 78
07 08 37 59 66
04 26 56 58 79
03 04 53 55 58
15 39 44 65 72
14 20 46 49 50
09 11 12 38 56
13 16 53 73 75
12 16 60 69 70
04 11 29 31 69
07 36 54 66 67
09 15 19 61 63
26 31 36 71 72
13 15 44 56 60
09 12 46 56 58
05 22 56 65 73
17 28 57 73 79
10 18 24 45 77
08 26 37 57 75
02 37 58 74 80
11 18 22 36 59
29 55 56 63 75
08 30 54 63 71
35 37 67 72 80
07 16 26 37 64
07 34 42 57 77
04 27 45 69 71
03 07 37 63 68
17 25 34 56 76
06 07 17 56 71
06 09 59 69 78
13 15 30 35 43
36 38 60 68 71
08 14 25 70 72
08 16 36 73 79
08 28 37 43 79
01 02 34 40 78
07 13 17 59 79
14 23 40 52 62
13 22 51 66 72
12 38 39 50 77
21 30 54 58 65
26 27 37 41 42
17 49 51 62 79
03 12 26 35 36
09 11 39 40 55
04 26 36 56 60
04 34 36 48 80
09 37 53 57 80
11 12 40 59 60
05 27 32 43 69
10 30 33 48 52
05 30 52 62 75
10 12 25 42 74
05 39 56 75 78
26 51 60 69 71
11 21 46 72 80
02 44 58 66 70
11 19 30 32 39
06 17 48 52 76
30 49 61 75 79
06 12 24 32 69
26 27 29 40 76
15 16 20 31 55
09 15 66 71 78
07 14 27 40 73
06 47 48 58 64
13 38 44 68 78
28 30 63 70 76
05 12 38 42 78
23 37 58 67 69
28 31 38 68 77
31 45 52 71 77
11 15 42 73 74
05 38 41 52 59
01 15 23 50 53
36 51 55 66 76
08 14 35 44 53
10 17 41 60 66
15 26 28 45 64
09 22 66 78 80
04 22 46 71 78
06 33 49 52 54
25 32 38 52 73
04 07 16 43 79
22 35 38 53 71
08 16 28 56 59
02 09 47 51 77
28 37 51 59 72
09 49 51 54 71
08 11 19 41 73
07 50 52 73 78
19 24 32 35 72
36 55 58 66 71
05 18 26 46 65
15 36 40 53 58
03 07 29 51 55
01 03 06 64 65
26 27 29 74 77
04 12 24 30 56
34 51 56 65 71
29 45 56 60 77
13 56 59 61 63
32 38 42 44 46
30 43 54 76 77
06 11 17 41 57
19 51 57 67 77
01 28 55 57 61
22 35 45 48 76
07 30 47 54 64
14 40 51 56 57
14 32 36 45 50
04 06 15 40 44
12 23 59 60 72
06 20 56 57 62
28 35 45 64 72
06 26 72 76 77
25 37 44 51 60
26 32 39 60 76
11 21 25 47 72
16 19 36 54 59
06 14 26 33 70
08 22 45 53 71
17 44 49 50 65
02 04 33 52 65
25 35 53 69 78
06 09 24 31 74
08 33 47 53 61
09 16 54 63 64
09 30 38 39 54
07 10 15 33 69
04 08 26 44 46
08 32 40 49 55
10 15 22 74 78
16 39 43 45 77
04 17 33 37 60
01 51 52 62 80
02 24 25 33 44
09 12 25 35 63
06 41 67 69 70
24 46 49 64 76
26 59 60 61 73
15 28 41 44 60
11 43 45 49 56
05 32 46 65 69
04 17 31 52 72
05 28 34 43 56
08 16 44 72 77
05 23 31 32 63
02 21 24 28 56
09 30 33 41 50
27 42 46 47 62
08 10 19 47 73
08 17 34 42 67
09 25 40 52 68
13 17 64 67 75
14 19 35 36 64
23 48 50 52 67
15 37 39 67 73
24 28 31 53 59
04 22 59 69 75
33 36 38 40 76
10 36 39 43 52
11 40 58 71 78
02 03 21 36 77
09 21 54 67 71
04 25 28 37 70
37 43 49 61 66
08 12 60 70 74
23 36 42 55 74
22 34 51 68 74
10 13 30 57 66
05 26 40 52 67
20 30 39 45 73
28 32 34 37 66
22 27 48 54 76
30 31 41 44 60
01 28 31 68 78
30 40 42 68 70
18 21 46 49 54
16 43 49 52 73
09 37 50 52 64
04 15 44 52 62
18 26 38 55 76
05 13 31 41 42
06 18 34 35 57
23 26 33 73 79
28 33 40 74 79
29 42 58 66 78
02 04 11 15 41
05 07 27 29 35
13 31 57 62 74
26 30 33 49 79
42 56 57 66 77
05 06 07 20 52
02 19 33 42 80
04 51 53 61 80
64 66 70 73 74
21 31 35 60 63
15 23 28 39 56
04 16 32 41 69
22 26 32 42 45
07 09 20 23 76
10 11 42 44 64
25 35 52 76 80
17 18 24 36 51
03 22 37 72 76
05 21 45 47 77
18 22 36 51 53
12 35 56 64 69
03 30 56 62 74
15 41 49 56 61
41 47 50 69 80
25 45 54 57 70
13 25 27 34 41
01 12 20 25 47
13 42 49 61 77
14 16 23 27 62
06 42 73 75 80
51 58 64 68 74
03 42 68 70 75
14 16 42 63 68
39 43 61 64 75
05 21 31 35 60
06 11 15 55 79
10 28 29 64 68
02 11 32 65 77
05 31 33 46 55
16 28 36 65 74
28 33 44 60 61
03 18 31 37 65
01 10 20 24 46
18 19 38 49 74
14 25 49 73 77
12 47 60 69 77
20 32 38 56 65
03 21 42 64 73
28 43 61 63 67
44 54 56 73 80
10 43 46 59 70
12 30 47 48 74
26 33 68 74 79
25 28 36 60 61
10 19 28 29 73
08 48 50 58 60
03 50 52 53 74
25 26 30 70 75
14 23 44 58 63
07 10 35 67 78
17 37 38 51 56
04 22 32 64 74
10 27 40 46 74
01 20 51 67 78
08 09 57 75 78
02 17 34 37 68
25 40 45 59 76
09 16 37 45 77
17 35 41 71 76
03 15 21 36 68
14 34 38 46 59
12 14 35 39 56
29 63 69 75 78
05 11 17 27 53
11 38 54 63 67
10 52 54 57 63
10 14 27 58 60
37 45 58 59 72
05 23 38 56 75
37 52 59 72 79
21 27 42 57 71
11 13 31 51 69
25 40 61 69 78
32 55 56 62 63
02 21 34 52 72
11 20 22 34 44
10 28 39 44 62
25 31 34 39 65
12 18 67 68 71
09 13 66 72 74
05 31 63 64 78
01 15 33 53 70
07 12 21 58 74
23 24 26 31 44
06 24 53 73 76
35 50 66 67 77
04 16 20 32 61
42 55 56 62 80
28 30 37 64 76
39 43 44 56 70
12 32 68 73 75
09 10 15 63 69
15 20 28 38 54
13 24 30 33 43
07 09 34 66 78
33 36 37 47 69
09 26 28 32 41
01 04 07 13 78
04 09 63 71 78
17 32 41 58 69
45 46 51 53 73
12 16 19 20 68
04 07 13 30 41
04 19 20 53 69
19 28 41 69 78
02 04 22 50 61
11 14 22 33 80
12 37 50 67 75
29 42 53 58 80
09 34 42 54 64
12 20 52 71 72
26 29 61 69 74
13 21 31 48 77
21 37 42 53 61
07 08 12 19 59
09 17 26 49 50
17 20 21 65 77
02 29 63 72 77
28 40 45 46 54
09 16 46 49 70
02 06 09 45 64
11 20 22 24 34
12 23 24 37 63
08 18 32 62 80
11 47 58 67 73
20 29 42 58 71
11 13 24 54 71
23 27 54 59 60
02 18 39 44 55
45 48 71 73 75
19 23 60 70 80
29 45 50 68 72
16 20 25 26 58
03 19 34 45 79
06 22 33 53 67
25 46 47 49 66
46 58 69 79 80
04 17 54 66 80
07 11 23 65 70
03 12 29 38 52
48 53 60 66 77
14 27 36 39 47
04 07 19 55 69
03 18 27 31 43
05 40 59 63 79
23 30 57 65 66
25 31 51 60 71
04 26 29 53 57
12 38 49 53 77
13 32 39 52 59
01 02 54 57 79
25 27 40 63 70
42 52 62 73 74
13 34 55 57 59
28 33 41 69 74
28 33 35 74 79
06 12 13 14 76
10 16 45 63 75
23 37 42 46 79
20 33 41 46 67
13 41 44 70 71
04 29 35 46 47
07 27 35 39 49
05 62 66 68 75
10 14 29 63 72
15 21 38 43 59
22 23 25 34 56
01 13 15 56 61
26 29 47 68 80
08 14 49 70 72
10 24 28 52 79
36 53 54 55 68
26 31 53 65 72
21 27 37 48 61
22 31 37 53 71
05 11 44 60 80
01 16 24 48 64
05 57 58 65 80
07 26 59 60 66
12 47 64 70 71
02 14 20 57 79
12 29 34 52 76
18 33 36 68 71
03 07 30 46 76
18 20 43 70 76
02 31 55 59 76
33 61 70 77 79
09 24 63 64 72
48 54 67 68 73
12 39 57 64 80
05 08 10 22 54
18 37 41 57 76
06 10 55 68 71
27 33 45 70 76
08 13 18 26 29
15 21 61 62 65
09 26 55 67 74
35 41 60 75 77
27 35 56 59 73
08 37 39 41 66
19 34 56 74 76
40 45 53 72 75
14 17 50 64 72
03 37 64 71 75
01 09 54 59 76
02 44 45 60 67
10 18 23 36 78
06 33 36 37 78
15 36 44 54 65
11 12 35 63 80
02 23 28 63 64
09 17 63 75 77
03 14 38 64 65
07 22 51 66 78
08 13 62 66 67
22 35 44 53 66
01 34 47 61 80
06 09 10 29 38
04 18 24 65 73
11 21 37 61 70
01 04 06 08 56
06 37 38 70 71
18 30 31 36 60
01 04 21 26 46
16 22 27 41 75
39 54 64 67 71
04 11 16 28 45
41 46 54 57 65
18 43 46 47 79
20 34 66 70 75
05 07 33 42 64
09 61 63 66 67
07 18 32 52 71
32 56 65 74 80
27 32 44 46 49
09 14 37 54 80
05 32 41 51 76
03 11 30 54 57
16 28 42 66 75
15 22 30 48 73
03 12 27 61 67
13 14 35 55 76
04 20 38 64 65
04 25 46 53 71
04 06 16 22 75
04 13 39 48 77
33 35 52 65 74
02 05 11 16 51
10 45 53 59 65
17 19 21 61 63
22 35 39 53 62
16 30 40 44 73
10 20 21 33 42
14 31 32 35 62
13 43 52 64 72
12 19 52 64 72
10 41 46 54 69
15 17 18 74 77
05 14 39 47 79
08 12 28 31 34
11 45 46 54 67
06 33 35 40 51
02 22 37 59 77
07 10 29 41 68
08 41 70 72 80
21 45 50 56 69
03 04 31 34 41
15 17 41 58 76
05 14 33 52 59
03 38 50 69 78
02 03 31 50 73
35 41 64 69 70
16 31 35 72 73
19 37 46 61 65
01 28 29 59 65
06 11 38 49 58
20 37 41 51 58
04 13 39 54 80
07 43 59 61 62
13 19 41 43 58
25 27 67 73 77
21 39 56 65 74
05 10 51 70 75
03 06 24 39 63
22 29 51 58 63
39 53 55 58 78
05 28 31 58 76
10 23 49 63 69
13 16 46 54 62
13 39 50 64 77
13 33 44 54 59
09 17 39 55 69
08 21 25 34 71
16 43 65 66 71
15 26 34 41 64
05 29 52 67 73
11 23 38 51 68
18 35 72 77 80
13 15 45 54 58
08 13 20 31 37
16 40 43 63 77
06 24 33 64 74
34 49 59 70 74
01 04 20 25 76
12 31 36 52 74
14 42 44 51 65
03 10 25 43 49
26 35 37 50 52
03 41 52 59 68
10 13 23 25 40
35 50 61 62 66
09 42 46 47 49
03 06 07 28 29
25 29 50 71 75
13 23 42 65 73
20 25 37 46 79
06 21 30 66 79
24 30 33 72 74
18 19 20 26 74
04 07 34 45 74
04 37 56 66 73
05 10 30 35 79
15 23 29 31 55
08 43 58 64 79
06 12 22 54 77
14 16 40 60 68
04 05 30 43 61
11 14 49 68 69
23 30 53 58 80
07 08 42 46 56
23 31 34 72 79
21 24 30 52 53
29 68 69 75 80
30 40 45 75 78
07 17 29 55 78
46 47 51 60 76
04 43 65 75 78
07 39 43 52 59
08 44 64 66 78
06 25 27 49 73
02 18 20 23 38
12 28 37 39 67
46 47 65 67 71
10 56 62 70 78
01 09 30 38 71
06 24 26 29 32
10 14 30 44 67
33 36 44 71 75
12 25 51 60 74
10 12 29 65 79
12 38 40 53 68
20 35 36 71 77
14 24 54 68 71
01 48 49 52 63
04 09 47 53 62
06 24 35 48 63
03 21 33 48 77
14 29 39 54 76
15 16 26 38 62
20 22 25 43 78
13 16 17 26 60
14 65 66 68 73
21 22 27 34 52
19 31 61 62 71
08 27 34 46 54
11 15 21 33 57
16 39 40 59 60
04 10 18 58 72
17 23 26 34 73
03 10 22 38 45
04 12 26 79 80
20 34 60 66 69
02 20 27 30 53
01 07 08 23 33
29 49 57 70 78
04 11 44 57 70
26 38 41 77 79
21 25 33 57 74
11 15 43 51 73
14 26 47 58 70
03 07 24 65 74
04 21 30 49 68
04 18 29 44 71
13 21 40 50 60
02 10 11 50 70
01 39 54 55 67
16 21 53 60 61
07 50 60 63 71
08 12 23 65 69
02 46 66 69 72
03 15 46 52 75
22 31 33 59 63
14 28 36 52 60
05 08 38 41 79
04 29 34 46 73
34 37 41 67 79
14 30 49 75 76
13 38 51 62 74
08 18 25 73 78
12 16 24 39 79
02 23 32 38 49
22 26 59 61 65
07 14 34 49 63
11 15 55 57 60
04 06 27 57 71
04 07 51 63 75
06 08 49 64 68
24 36 43 51 52
21 24 54 65 72
36 37 70 72 75
07 16 49 61 80
08 10 26 43 45
09 39 40 52 59
01 12 53 61 63
06 08 10 53 54
03 43 63 75 80
01 10 12 55 56
02 31 47 55 60
02 42 46 73 74
09 24 31 56 60
18 20 33 36 66
23 26 56 66 76
08 26 50 70 79
10 32 66 70 77
04 36 56 71 80
33 44 45 77 78
27 33 42 62 68
02 03 32 49 59
12 25 39 46 66
14 22 34 49 77
09 18 30 48 71
03 21 30 46 59
01 27 37 48 63
06 14 43 55 79
34 41 62 74 79
02 38 53 58 59
12 18 24 54 58
02 15 24 30 68
20 22 34 43 80
13 17 36 54 70
23 26 28 51 62
07 18 32 53 72
03 20 53 57 78
19 24 40 60 77
07 09 15 18 38
12 23 31 35 63
16 25 41 43 55
08 31 50 69 72
02 39 44 49 65
05 43 45 53 69
20 27 28 55 58
14 21 26 44 58
04 12 21 44 45
01 11 33 62 68
21 29 31 35 37
05 06 20 21 44
33 37 46 74 77
01 19 34 46 51
03 18 31 35 61
08 55 57 68 79
04 27 57 74 76
19 33 61 69 74
42 47 52 61 66
04 13 16 45 80
23 32 65 72 79
11 26 58 61 70
17 18 38 54 60
06 27 32 41 55
05 07 18 25 57
11 62 65 74 80
48 56 70 71 75
06 11 13 33 63
11 14 15 47 70
10 29 44 56 69
02 05 22 66 78
01 04 24 40 41
14 21 57 58 78
05 06 22 57 80
01 21 42 53 79
18 32 37 42 59
28 33 38 42 69
09 37 41 71 73
29 33 51 59 60
29 43 44 56 77
07 14 43 64 76
06 11 32 64 75
09 19 42 61 73
04 37 47 52 79
08 27 29 56 80
01 07 17 36 46
11 24 34 56 75
13 29 39 50 57
14 19 31 66 71
02 03 06 43 73
01 05 34 48 69
15 25 36 39 66
09 13 15 20 53
41 43 51 60 61
01 09 14 48 56
06 15 18 27 80
17 35 52 54 62
07 12 33 44 63
26 45 46 73 80
05 12 19 38 42
36 50 55 69 74
02 25 32 41 71
19 31 50 59 62
16 23 42 47 75
25 47 62 66 75
03 38 49 50 68
11 31 41 45 61
05 11 34 42 77
01 42 45 49 75
38 51 53 60 62
18 29 33 36 39
44 45 54 66 74
37 45 48 74 75
07 15 16 49 79
22 34 49 54 80
05 11 46 48 71
09 14 28 45 69
05 32 42 49 62
02 21 22 52 74
01 42 57 59 74
14 34 40 42 62
09 45 50 52 58
04 17 31 58 60
42 64 65 66 72
05 13 46 69 73
17 18 41 61 73
01 09 14 20 78
08 24 56 61 62
02 14 27 46 55
22 27 33 38 65
06 07 52 56 57
32 55 70 73 77
09 21 22 37 52
32 46 51 58 70
20 24 31 39 49
06 10 21 28 77
25 34 54 65 66
15 24 49 65 66
08 25 59 60 78
14 19 22 51 65
08 21 31 58 69
07 22 56 62 66
02 11 24 39 73
04 12 20 45 62
10 36 60 73 80
08 26 30 33 65
37 38 49 53 72
11 38 65 69 70
11 21 22 69 74
40 44 58 60 77
15 24 32 33 47
05 40 47 67 78
05 18 38 41 44
02 16 33 38 56
15 23 47 70 75
09 20 31 36 69
10 14 60 77 78
06 15 50 51 68
01 50 53 70 72
30 54 55 64 78
12 19 25 54 61
05 27 37 39 75
09 12 16 23 48
15 29 36 59 75
15 20 66 69 76
06 35 58 63 73
07 40 62 64 72
07 09 20 33 61
09 39 63 69 75
03 23 29 46 57
16 27 42 53 66
16 30 54 61 67
31 33 58 59 68
15 46 53 61 72
04 40 41 60 63
05 29 44 74 77
18 19 28 54 73
02 04 36 42 56
19 24 34 54 77
06 16 36 45 63
23 48 53 56 77
19 31 38 57 74
09 23 62 64 74
02 16 21 46 60
02 09 12 13 58
35 51 64 66 72
17 29 33 44 70
39 56 66 70 75
02 17 25 41 68
20 29 50 51 72
13 16 28 40 56
01 04 33 34 70
04 18 40 49 78
02 21 41 55 80
23 34 50 53 78
12 18 26 48 56
11 16 64 75 77
03 12 22 29 31
33 35 50 54 73
05 18 28 70 75
05 16 53 55 74
09 67 68 71 72
17 21 31 61 79
33 43 69 71 73
06 19 46 59 61
04 38 48 56 68
05 37 49 52 67
06 10 26 39 65
03 04 23 34 78
07 33 44 57 65
32 41 45 53 66
11 12 17 30 66
11 18 28 30 69
17 27 33 50 77
26 43 52 60 76
13 38 51 62 76
07 13 34 68 78
11 56 61 69 78
08 14 26 45 61
17 20 45 48 62
13 14 24 29 46
10 11 18 37 50
15 19 21 43 44
13 19 28 34 54
29 33 64 68 74
32 45 66 73 75
24 50 65 72 79
17 27 53 78 79
12 32 45 64 80
09 12 35 36 59
39 46 55 66 70
10 12 21 29 40
10 30 43 57 75
03 35 52 54 75
06 32 43 49 67
03 36 44 57 73
03 26 52 63 75
27 28 41 64 71
25 50 60 61 63
17 24 27 63 71
24 52 54 67 69
18 32 56 58 64
02 34 37 39 75
06 30 32 65 71
10 22 25 45 51
08 13 29 61 76
04 25 45 49 66
02 21 31 60 70
12 35 47 57 61
02 09 34 35 50
15 40 61 68 78
04 07 32 33 40
02 04 31 43 66
17 19 30 38 75
48 73 76 77 80
04 13 28 30 50
17 46 48 55 79
04 07 13 29 40
28 30 70 72 73
31 42 48 60 75
20 23 24 41 48
27 38 53 72 76
13 20 27 39 77
20 27 49 61 79
12 14 34 44 56
13 46 50 61 72
02 09 36 41 70
13 39 53 72 73
02 05 11 55 73
18 23 56 62 68
01 13 36 41 71
30 42 65 74 76
08 14 30 62 75
09 28 36 50 74
06 13 36 39 52
23 24 73 74 75
14 15 23 60 71
07 11 31 46 50
08 33 56 65 74
02 06 26 37 68
14 62 68 70 80
10 16 65 76 78
10 37 48 49 54
37 49 52 53 74
05 08 31 39 76
03 29 45 61 76
05 10 33 49 62
30 32 34 43 49
16 34 58 61 74
01 08 17 70 72
05 12 18 44 69
12 42 49 73 76
33 35 36 60 67
02 13 58 64 66
10 23 45 63 78
01 37 44 57 80
07 08 31 41 62
35 52 69 75 79
14 17 26 51 67
13 25 29 36 60
15 35 43 50 62
02 16 24 47 68
11 14 19 49 77
12 14 27 46 61
02 09 40 66 79
19 31 33 42 63
01 15 29 34 49
02 31 33 45 72
05 14 31 66 78
11 15 50 56 64
07 17 19 40 63
08 18 25 35 77
01 18 41 53 67
27 35 39 45 50
01 31 51 66 67
08 35 37 46 72
16 24 25 57 60
28 32 39 54 58
20 28 32 50 72
16 38 42 70 71
06 36 43 49 65
03 12 15 28 44
16 18 31 43 68
21 61 67 72 77
23 27 40 58 80
07 45 57 58 77
04 47 51 52 54
07 44 67 72 78
03 35 53 76 78
04 19 40 46 69
07 12 36 42 48
11 12 51 79 80
24 50 52 54 55
06 19 25 31 42
29 30 56 59 78
21 41 48 49 61
08 20 31 47 59
12 45 57 61 65
40 42 64 66 73
41 44 63 65 76
12 18 46 49 64
40 44 58 62 77
17 29 41 46 51
26 47 61 65 74
04 09 21 63 66
06 26 29 44 62
15 18 36 40 66
15 48 54 65 66
10 20 65 66 79
37 39 51 53 76
14 15 47 50 72
05 42 43 69 78
04 10 64 71 75
04 34 55 58 63
10 11 23 37 67
26 44 51 61 74
01 04 14 18 43
19 36 49 65 67
35 60 66 72 79
07 16 31 49 55
06 21 52 67 73
04 09 50 62 72
06 24 30 61 73
04 30 63 71 75
19 35 61 67 73
09 12 35 73 75
23 26 45 50 74
18 55 61 71 76
06 21 36 38 65
06 08 10 19 63
15 30 56 67 70
04 05 15 23 39
32 41 42 66 72
04 16 23 50 73
03 07 36 65 68
02 16 18 19 47
05 06 39 42 64
19 20 43 51 67
08 44 71 75 80
13 44 53 63 71
33 34 43 44 46
11 15 42 44 56
24 29 56 64 68
04 15 21 41 52
06 11 15 36 59
07 15 26 43 73
52 67 71 72 79
06 24 54 55 69
16 38 53 54 55
15 33 52 67 70
06 11 15 33 39
01 34 40 63 75
01 52 59 62 70
01 03 34 47 73
18 20 35 58 80
09 21 47 77 80
08 14 15 17 42
40 45 51 61 78
20 31 56 62 64
11 16 38 43 71
19 39 53 57 60
02 06 32 53 78
04 31 34 64 76
38 42 44 46 73
29 32 42 45 59
05 17 27 29 51
25 32 39 42 52
40 52 54 66 72
03 44 59 60 77
09 14 30 44 64
09 16 21 55 80
04 26 51 53 77
11 13 18 23 45
20 21 33 47 78
12 18 19 37 43
02 03 25 31 74
40 60 65 66 76
01 09 39 42 56
03 36 50 51 62
05 09 39 51 63
06 18 55 57 80
19 32 41 66 72
06 16 24 56 59
02 03 04 45 78
13 15 40 54 80
35 40 57 60 73
50 56 60 64 72
19 53 61 72 75
17 26 44 55 62
08 26 56 61 72
10 37 48 64 74
02 29 47 68 69
29 44 57 68 78
30 53 66 67 76
04 33 57 63 77
17 20 32 50 57
09 21 31 70 73
06 08 27 34 37
37 50 51 61 66
01 12 35 43 71
09 39 56 59 66
18 23 32 44 69
33 41 42 72 79
09 18 57 66 79
17 37 45 69 72
09 24 54 62 63
20 26 46 56 59
03 40 55 75 80
36 52 60 75 76
05 12 26 56 61
06 16 28 41 62
17 27 28 35 68
02 03 33 49 76
08 23 37 60 61
38 49 54 55 78
05 09 18 43 78
50 51 62 70 76
03 08 25 30 72
01 53 62 67 77
13 38 44 53 64
17 25 37 75 76
02 12 24 30 72
08 15 19 31 49
16 18 41 43 59
09 20 63 66 76
07 19 45 74 80
01 29 37 55 70
12 21 54 56 72
20 26 65 72 80
06 14 29 48 80
28 31 34 36 70
40 45 49 50 59
20 32 40 65 68
17 51 62 66 71
13 14 26 32 60
01 11 41 47 67
03 11 13 15 36
07 09 23 37 66
28 39 46 75 76
12 17 42 49 62
05 43 46 62 75
09 28 31 36 71
04 15 16 38 50
30 33 35 55 80
14 32 48 55 61
05 41 49 58 76
03 19 47 51 61
25 41 46 64 70
03 11 17 31 56
33 42 46 52 61
29 33 34 50 76
10 17 19 33 37
15 22 37 41 80
04 19 56 59 75
05 28 36 55 57
09 28 30 63 73
13 23 61 66 74
26 30 36 49 76
23 57 66 73 77
02 13 23 46 49
05 16 35 42 62
02 37 41 54 64
10 14 23 29 75
05 12 19 65 71
03 16 37 48 60
14 17 30 48 58
08 20 31 40 41
06 07 16 50 56
04 21 49 51 52
12 22 36 72 75
08 20 41 49 66
11 27 37 71 79
21 23 41 54 72
26 30 36 58 61
04 25 40 55 59
09 16 53 55 80
12 31 44 46 51
06 11 21 45 48
25 28 31 48 76
20 35 47 51 71
04 31 34 56 67
18 40 41 44 77
09 31 33 57 66
03 29 33 53 69
32 45 56 63 67
09 26 29 37 48
11 34 39 46 75
17 44 60 61 77
10 11 19 41 48
03 11 12 66 74
11 12 35 49 74
28 61 70 75 78
01 13 66 72 78
21 25 40 66 67
05 14 32 35 78
04 16 29 47 76
08 11 36 63 78
19 22 33 68 76
02 49 51 64 76
50 60 65 71 78
07 13 49 65 80
03 24 44 56 64
12 16 18 47 74
27 38 45 58 61
03 07 32 55 57
11 14 30 50 70
21 26 27 28 50
03 05 18 31 36
47 67 71 79 80
19 23 58 61 79
12 23 24 27 45
10 14 22 26 35
25 42 45 54 79
04 51 54 63 66
31 33 53 59 79
06 12 36 38 67
11 14 31 59 76
04 20 24 55 68
36 43 49 54 66
18 19 59 64 76
12 13 22 63 75
06 24 40 46 67
04 49 54 68 71
04 25 60 63 65
32 48 52 62 75
08 12 19 37 74
05 14 15 27 52
20 48 56 61 67
15 23 34 59 72
16 29 52 62 73
02 12 16 57 65
04 09 29 33 36
05 13 20 29 38
51 60 62 69 75
30 56 60 75 76
08 34 44 64 65
22 25 27 28 34
01 09 12 23 33
06 24 35 42 62
02 16 59 71 74
38 55 60 65 73
09 27 47 67 69
14 28 44 65 76
03 04 10 64 65
03 12 33 54 71
13 18 22 31 32
07 22 28 73 77
02 27 39 53 80
01 15 59 68 72
04 10 26 51 63
06 27 36 65 70
26 56 64 66 67
25 39 44 51 79
06 19 26 36 43
03 12 29 46 47
05 06 17 28 50
03 25 60 61 71
01 20 43 44 77
21 24 31 32 37
15 35 58 72 80
07 18 29 35 53
11 19 24 26 71
16 22 28 47 71
04 21 47 67 77
07 43 52 63 80
03 11 33 41 46
36 55 60 62 77
23 33 42 68 74
06 07 08 15 55
16 20 27 67 80
03 04 16 47 70
17 22 24 46 49
32 46 55 75 79
09 38 39 55 64
14 31 35 37 75
01 08 39 46 51
13 41 49 57 59
10 13 14 70 78
15 20 32 33 78
09 18 36 54 62
31 42 53 60 70
15 23 37 58 75
28 30 52 53 66
03 10 17 23 68
03 50 63 68 73
05 15 49 65 78
24 29 42 50 55
18 34 36 48 60
10 21 28 63 64
02 10 17 19 51
23 27 31 36 59
05 22 40 45 64
04 05 08 14 18
13 26 29 52 57
19 61 65 77 80
11 16 32 46 71
09 16 39 42 78
06 57 74 79 80
15 18 41 66 75
10 18 30 31 32
04 10 33 38 58
33 42 57 67 75
04 12 18 61 69
07 13 29 30 56
26 49 68 72 78
27 41 62 77 80
13 51 63 66 68
11 21 33 59 62
06 13 33 57 59
18 36 43 54 65
23 39 46 53 77
29 37 52 54 59
31 55 67 72 75
16 44 51 64 72
10 31 33 49 52
37 40 45 47 69
10 35 42 55 77
10 22 32 45 54
13 17 36 45 80
26 36 38 59 65
30 59 64 66 69
05 20 59 74 78
31 38 46 65 79
02 13 16 42 67
23 42 64 72 79
41 58 70 71 80
40 46 58 64 80
10 15 19 36 54
19 23 68 74 80
17 20 27 33 71
02 07 20 53 79
13 22 46 70 77
07 11 49 50 78
01 04 35 36 68
01 19 22 27 35
12 14 25 58 68
05 09 19 24 49
16 42 43 52 58
08 31 38 42 48
13 37 42 68 78
08 34 54 63 69
37 45 60 61 78
02 06 41 66 80
08 39 60 62 71
31 37 38 55 58
01 28 34 38 43
50 61 69 76 78
05 16 39 45 47
04 16 26 30 55
04 29 48 61 77
07 12 25 35 74
33 44 52 58 66
45 46 53 65 67
05 13 17 29 67
29 35 44 53 62
10 13 15 51 56
31 37 59 64 69
01 10 11 58 68
13 29 54 72 77
01 20 29 49 67
15 34 41 62 73
08 13 16 26 79
07 19 25 37 40
11 18 51 70 75
11 70 74 77 80
29 34 40 54 79
02 23 37 49 58
01 27 38 59 74
11 12 32 43 78
13 22 49 68 74
10 17 27 30 44
26 36 43 66 77
02 05 62 79 80
11 24 41 50 57
02 11 39 54 59
02 26 52 54 58
03 17 26 47 56
13 48 54 57 78
07 53 62 71 75
06 20 37 50 51
07 08 09 53 56
14 45 72 73 80
26 34 60 69 74
18 27 56 77 78
25 31 51 72 74
03 23 26 51 60
21 30 47 55 67
07 62 67 73 80
20 41 48 51 65
07 23 36 66 69
11 24 33 34 79
08 13 32 52 54
02 21 30 48 51
30 37 42 63 78
05 17 25 64 66
10 13 25 69 70
03 25 37 42 77
03 04 11 25 51
02 12 13 18 28
08 37 59 63 73
13 23 26 42 79
09 25 66 76 80
09 23 29 34 43
02 03 41 60 80
09 16 42 51 73
10 18 22 45 55
21 31 33 72 77
12 24 55 57 76
11 21 30 32 67
04 25 26 42 61
05 13 29 66 73
08 13 23 67 80
01 34 54 58 67
12 13 16 44 79
08 45 49 62 75
07 15 21 22 55
13 27 35 73 80
25 27 31 57 79
13 34 46 70 77
14 40 62 68 73
12 60 63 71 78
13 17 49 50 63
03 08 33 56 65
17 29 39 54 56
08 23 30 37 67
05 11 35 43 54
04 11 23 33 50
16 32 44 59 65
16 36 42 66 68
05 13 18 41 68
06 14 22 28 74
06 09 11 34 53
05 15 21 70 75
12 16 30 60 67
33 38 58 72 76
17 18 21 37 72
28 45 48 49 66
10 11 19 28 57
25 43 54 70 77
10 26 42 47 63
05 21 24 69 73
10 22 27 32 59
11 21 36 37 70
14 22 54 69 72
38 46 60 64 77
02 43 58 61 62
01 05 25 53 72
02 15 33 39 78
04 24 29 58 74
23 49 51 60 75
33 50 56 62 74
09 33 42 45 55
12 14 18 48 53
02 27 33 75 78
08 10 40 49 76
12 20 26 77 79
06 08 25 43 77
14 54 69 71 72
29 55 61 69 71
23 33 48 67 78
09 38 40 52 75
23 39 47 51 64
15 42 43 45 73
38 44 57 64 73
05 18 48 78 80
09 25 30 57 66
20 34 63 64 67
10 17 18 48 79
09 19 35 49 70
13 50 53 56 60
04 07 34 38 39
16 17 46 56 79
35 38 56 65 76
01 02 12 16 62
19 44 61 62 69
02 19 62 67 79
08 12 33 46 62
06 07 13 14 26
26 44 47 55 64
14 19 21 74 77
33 38 53 61 70
19 33 62 70 75
22 32 41 67 75
07 38 64 65 79
06 28 40 45 76
32 35 37 65 66
11 18 24 40 59
02 24 54 74 76
12 17 56 64 77
18 20 34 75 78
26 33 38 66 71
08 20 68 70 78
04 06 29 71 72
03 18 38 43 44
29 36 57 69 77
14 27 44 49 50
08 18 20 38 42
02 15 31 39 40
11 32 38 41 55
01 13 45 66 67
05 12 19 61 69
09 20 23 38 46
11 17 18 44 71
30 32 38 64 77
20 22 25 52 67
08 36 40 56 64
18 19 21 47 62
02 16 39 55 66
24 40 64 67 74
26 35 38 58 80
09 13 48 72 80
20 29 57 73 75
06 14 75 77 79
07 26 30 61 71
09 36 43 51 66
12 43 47 51 55
38 63 71 72 77
21 26 34 62 65
14 42 57 64 78
33 35 66 75 79
09 10 20 21 34
04 30 33 52 66
37 47 51 67 76
10 18 20 23 59
20 39 51 64 70
24 31 63 64 68
03 13 53 54 55
26 29 52 67 71
06 43 45 49 66
26 27 29 49 70
11 15 28 57 58
01 41 45 47 49
04 22 36 48 70
20 54 68 70 80
02 09 33 35 69
45 52 53 70 76
02 22 43 44 50
06 33 44 63 78
06 10 26 41 54
21 29 58 70 72
06 15 44 56 76
57 69 70 78 79
01 21 57 70 76
01 15 52 63 74
04 09 12 49 59
02 32 46 57 80
06 22 45 75 78
17 33 36 41 74
25 32 34 70 72
49 61 67 76 78
11 21 47 49 79
19 29 45 48 50
05 22 31 44 73
14 26 43 66 67
01 43 47 61 71
33 37 43 55 59
04 16 36 70 72
10 22 36 38 65
09 20 26 63 72
06 15 27 38 39
22 38 61 65 73
16 18 26 69 78
23 36 52 69 80
08 28 45 66 70
30 39 44 62 65
06 07 32 37 50
33 38 58 60 62
02 14 18 32 68
08 34 42 56 57
19 24 48 76 79
39 41 43 56 66
13 14 70 73 76
24 44 63 65 66
15 17 23 76 78
17 22 31 46 66
02 22 23 77 80
20 24 44 49 70
23 35 66 74 79
02 09 41 72 73
27 40 44 63 76
14 35 37 57 65
04 06 10 21 58
06 36 37 40 70
14 18 44 70 80
05 20 53 56 78
06 08 28 44 63
03 34 47 60 77
25 43 52 54 78
01 03 20 23 35
04 08 21 26 35
05 12 35 53 75
39 40 47 52 79
13 42 64 73 80
07 25 26 52 63
06 19 23 48 74
17 22 27 36 57
01 02 16 29 52
19 41 67 74 79
09 41 51 70 80
15 22 25 26 28
23 34 43 68 69
40 48 49 74 79
37 39 46 54 70
22 25 46 70 73
01 22 64 72 76
11 21 31 49 65
18 43 47 69 72
06 26 29 67 74
02 19 27 54 65
14 17 18 30 40
20 25 55 64 71
06 16 41 74 79
17 36 57 66 71
12 13 22 24 63
27 35 72 73 76
31 39 70 71 76
09 21 30 46 57
02 36 41 45 68
16 26 35 53 77
12 18 32 52 57
17 23 30 35 60
54 59 63 76 80
15 20 31 33 39
10 15 35 38 50
17 28 40 58 67
02 12 20 56 80
08 45 49 52 56
08 09 43 46 70
19 32 41 43 44
46 51 64 66 71
27 50 55 69 71
03 05 27 43 49
15 22 45 48 64
28 38 41 49 57
19 22 36 41 71
12 24 56 58 74
09 10 16 22 55
24 29 31 39 42
05 13 30 43 79
04 07 47 51 53
19 29 44 50 72
05 06 16 53 61
18 26 58 64 66
25 44 59 63 73
07 20 48 55 60
14 18 26 36 57
14 19 32 37 70
13 15 24 36 44
54 55 62 71 78
06 07 21 28 30
28 39 40 42 64
04 08 10 44 70
15 24 28 65 72
16 25 28 30 68
13 23 37 40 63
20 37 46 55 60
10 18 26 72 79
08 40 49 53 75
25 40 69 71 78
07 10 20 24 75
25 28 29 33 67
09 12 16 26 37
11 13 69 73 77
13 16 48 57 65
23 33 35 36 39
08 11 46 68 79
04 05 31 42 70
07 24 39 58 76
01 08 18 36 53
04 05 16 23 54
11 13 26 31 73
17 30 33 78 79
10 36 43 60 63
05 11 21 24 43
23 36 37 53 56
25 31 42 44 49
09 10 24 48 53
05 08 28 61 74
08 19 23 43 63
30 32 38 51 73
27 49 55 62 74
20 21 65 68 76
04 18 27 46 80
05 08 09 35 54
04 20 32 75 77
01 06 42 71 73
18 24 46 49 57
09 18 26 51 77
10 30 51 55 77
09 39 40 45 80
38 42 45 52 57
05 26 48 61 69
03 16 23 42 55
19 22 31 40 45
08 14 20 45 52
05 22 34 37 58
09 31 63 69 70
01 14 32 53 61
16 18 21 50 78
01 20 38 55 70
44 49 59 70 78
04 10 15 34 76
28 43 51 54 78
07 09 21 33 53
26 32 35 44 48
08 15 37 74 77
04 21 22 45 58
03 07 38 41 46
14 33 55 60 75
05 07 19 27 46
05 11 26 37 58
06 30 35 45 56
46 66 70 72 77
20 53 60 70 74
03 06 15 18 52
08 16 26 28 60
18 24 46 66 74
05 20 34 43 60
04 36 76 77 80
37 39 43 51 75
21 31 34 41 60
04 15 31 67 73
04 36 47 66 76
30 31 42 45 58
03 40 41 65 66
08 11 15 53 55
05 30 38 55 72
18 31 51 55 69
22 48 64 71 78
36 42 48 62 70
06 11 72 75 78
10 25 41 65 78
07 32 40 52 74
18 20 24 28 37
19 24 45 73 76
01 04 48 57 78
19 43 44 50 63
08 32 44 48 74
36 43 51 58 79
09 36 39 61 68
14 19 37 40 56
32 46 63 72 77
17 29 43 53 56
13 16 29 56 80
14 36 44 67 71
23 41 44 72 77
07 11 37 43 79
03 23 38 69 78
03 19 43 58 67
03 18 31 58 61
06 11 33 48 61
57 58 64 65 79
09 22 24 41 78
26 31 41 49 61
05 38 41 55 66
06 09 36 46 80
07 09 38 62 66
22 32 34 43 51
14 34 63 73 76
10 31 32 38 79
03 19 46 52 64
01 10 11 24 60
01 28 30 73 76
21 53 57 69 71
23 36 54 59 70
15 22 28 34 72
01 26 34 40 49
31 35 38 48 74
01 17 20 50 75
12 17 22 52 63
21 44 66 74 77
19 36 49 63 70
17 18 19 24 44
23 39 58 59 80
09 37 66 75 78
14 26 28 55 79
06 11 28 48 67
06 10 41 53 79
09 20 36 45 58
06 20 23 55 66
26 28 31 70 75
06 16 58 67 77
09 41 44 50 60
05 12 52 59 65
28 51 66 67 76
15 25 41 61 67
01 07 37 64 72
30 38 46 52 60
06 18 59 62 79
02 19 54 60 76
07 15 24 27 52
37 42 52 64 78
03 11 31 40 61
17 35 58 74 79
14 26 69 71 77
02 36 52 65 73
08 09 20 27 73
01 19 23 59 79
02 09 24 60 67
23 40 41 43 74
12 26 33 43 47
31 58 59 67 71
36 56 58 64 74
06 28 31 33 71
10 28 57 75 80
12 26 67 71 78
02 53 59 70 80
08 21 35 59 67
24 26 34 68 72
08 34 35 48 76
31 35 37 56 67
01 52 57 69 79
03 14 15 37 43
17 18 56 61 62
15 24 57 61 74
10 24 26 64 75
08 35 51 62 67
02 34 43 75 78
15 27 40 51 64
02 15 37 46 52
22 24 29 32 80
30 49 70 71 79
02 07 18 60 71
39 47 52 53 55
13 18 28 62 73
12 17 27 38 78
04 12 17 70 75
07 19 42 61 76
12 13 33 61 80
02 17 29 34 68
17 27 30 41 44
12 19 66 68 75
02 15 29 69 80
06 12 17 52 78
11 18 66 69 78
22 51 52 70 71
26 27 30 34 63
01 15 17 31 67
17 18 23 42 76
42 56 60 62 68
05 26 37 38 76
15 22 32 49 58
07 10 38 46 55
06 17 20 53 78
09 11 16 58 63
38 41 50 51 72
12 25 32 39 76
10 20 42 62 72
03 24 66 69 70
25 28 37 61 80
37 40 43 70 79
05 09 15 40 42
01 13 14 21 38
06 08 19 35 50
04 07 10 50 61
05 29 43 48 54
16 22 38 50 62
19 45 53 61 64
05 09 33 63 73
19 30 36 43 64
02 18 29 32 55
06 12 48 54 77
13 25 69 73 75
10 35 54 67 75
24 28 52 53 79
12 22 27 31 52
07 37 47 62 80
10 29 38 56 63
29 45 55 75 80
04 06 13 43 64
05 11 12 55 62
04 12 32 44 60
03 16 46 52 59
34 65 68 69 80
03 22 41 46 65
24 41 52 57 77
09 24 42 58 59
43 47 48 54 66
06 24 52 53 69
09 36 37 39 43
09 13 21 29 69
19 28 46 50 58
05 27 31 35 53
15 18 44 55 74
10 14 33 50 62
24 27 37 45 69
01 25 27 32 51
03 06 07 43 55
07 22 49 52 76
17 21 27 46 63
10 22 25 70 79
02 25 26 29 38
01 25 37 41 80
03 23 28 40 63
06 45 50 67 75
06 13 19 40 64
11 16 46 48 74
30 37 40 72 79
22 24 45 49 64
24 31 36 39 72
14 31 37 38 78
15 33 56 63 77
03 50 60 67 77
04 06 26 36 55
09 21 24 27 69
02 05 16 35 65
09 35 55 69 70
25 38 57 59 68
05 36 45 47 61
09 15 27 28 61
14 33 39 58 74
02 50 59 69 72
22 30 44 64 80
23 37 50 53 54
06 21 63 65 73
16 17 18 34 55
47 50 63 71 72
27 37 39 53 60
32 47 53 60 65
09 34 59 61 79
05 06 08 28 48
14 18 25 75 76
08 41 42 53 75
11 17 38 39 72
18 23 40 70 73
07 33 56 59 64
23 36 65 70 80
36 46 57 61 72
09 10 23 24 63
33 34 43 47 57
27 39 56 73 76
19 21 55 63 70
23 38 42 49 79
21 31 39 56 61
10 38 53 54 67
04 13 16 49 74
11 19 36 37 40
31 49 56 62 66
12 26 48 52 61
19 24 37 49 74
16 29 31 47 69
19 26 61 74 79
10 54 56 66 80
12 21 49 56 73
06 10 20 22 75
13 36 49 69 70
05 12 22 29 60
34 39 40 41 69
05 13 15 45 53
10 19 33 40 80
43 44 45 53 74
29 40 54 69 73
22 28 45 48 62
11 13 29 60 76
07 19 41 43 45
07 18 43 53 79
06 24 34 67 74
02 24 27 48 67
06 28 47 64 67
13 25 34 46 61
06 13 28 32 41
18 41 43 59 71
15 46 56 57 80
07 12 17 51 53
08 15 20 24 47
10 24 31 42 48
04 38 44 49 66
17 22 44 68 78
31 32 49 50 54
08 10 31 70 80
27 38 66 70 76
12 13 31 49 65
08 41 47 66 75
13 26 44 64 68
01 18 68 79 80
01 16 32 36 74
43 48 50 65 66
17 29 34 48 58
03 08 34 53 72
21 32 43 44 76
31 44 46 52 55
19 23 35 48 53
06 13 35 46 49
06 27 42 59 61
04 06 21 58 73
34 35 36 50 55
12 38 47 77 78
15 30 37 49 62
53 62 64 73 76
35 43 47 56 57
10 27 47 65 74
23 32 56 76 77
31 39 45 69 78
12 37 39 47 55
05 06 47 55 66
05 14 18 43 76
03 04 05 34 75
01 08 23 41 59
13 32 34 54 78
18 27 51 69 73
17 39 53 57 73
14 40 42 51 63
06 20 24 47 70
17 43 49 63 71
11 24 28 41 71
29 46 48 49 66
26 33 51 55 69
02 21 22 37 79
10 17 50 59 75
24 33 35 38 42
05 20 52 58 64
19 40 50 70 74
25 27 30 32 65
15 30 50 58 79
02 28 29 56 60
05 07 32 58 69
05 10 23 76 77
03 13 44 53 70
04 15 41 66 71
03 39 44 76 77
11 19 27 44 78
10 14 31 46 74
03 21 35 55 70
04 08 16 43 80
32 61 65 70 80
11 21 31 43 62
02 42 59 62 67
01 32 56 70 77
08 29 51 61 79
07 13 38 56 70
07 29 38 57 76
17 26 28 50 72
08 16 18 22 34
06 24 38 54 72
12 17 65 77 79
03 32 55 79 80
10 34 40 47 52
09 34 38 48 51
16 27 33 45 75
15 21 23 40 43
35 57 60 66 73
29 44 52 70 76
10 50 57 67 70
06 10 19 23 33
01 10 12 15 72
04 09 52 66 80
11 34 40 43 52
03 13 35 57 77
06 08 34 53 61
21 22 34 49 77
04 40 51 59 62
11 20 50 58 74
05 31 47 72 78
02 10 26 41 47
43 52 53 72 80
11 19 38 40 58
02 08 36 46 65
17 36 37 64 66
48 56 57 58 64
01 12 43 58 80
10 15 37 46 60
27 50 57 70 72
17 31 54 73 80
06 34 37 45 75
07 16 40 60 67
02 11 17 29 67
05 43 55 62 76
32 48 59 65 71
11 15 16 24 44
42 53 61 73 80
20 37 39 61 72
11 15 32 39 51
25 45 59 68 75
19 42 67 72 77
34 36 52 56 63
01 15 22 23 47
02 04 11 28 35
32 43 64 65 71
01 16 30 73 80
09 39 44 65 67
30 33 61 66 67
06 27 47 68 78
06 18 28 49 53
13 18 29 51 52
05 17 50 72 75
02 38 45 47 72
15 32 36 38 53
08 40 57 62 73
09 47 62 64 76
17 40 55 59 68
30 36 43 63 72
14 27 30 31 68
03 25 33 35 76
16 25 66 69 78
05 49 51 65 76
02 11 20 27 51
02 05 46 48 65
04 30 40 54 57
17 26 37 66 79
02 08 23 69 75
21 23 29 49 77
08 26 31 41 78
17 35 55 69 75
05 07 59 60 73
23 29 49 76 79
06 27 61 70 72
13 39 40 50 66
06 20 24 42 57
45 47 49 74 80
01 07 15 22 71
21 30 31 43 54
02 05 32 49 60
05 18 19 31 45
42 61 64 67 79
14 29 44 45 47
01 20 56 71 79
31 50 59 70 74
04 07 16 19 62
12 16 30 55 68
06 13 15 22 32
36 52 58 67 76
15 16 28 55 67
17 21 28 34 63
02 08 27 33 55
11 38 39 58 68
04 33 50 54 80
04 08 23 60 71
26 48 56 63 69
06 09 29 46 48
09 38 69 71 73
03 23 34 45 53
08 27 28 60 71
27 30 48 57 67
02 27 54 56 63
16 41 63 68 78
02 16 21 65 79
01 14 15 22 36
14 15 27 29 67
43 50 65 66 68
20 30 42 64 74
16 20 29 33 47
04 14 24 37 78
06 08 14 20 58
57 62 65 73 80
02 12 67 75 78
21 44 50 66 80
07 16 32 68 78
02 03 15 45 75
19 23 72 79 80
17 45 52 73 77
28 45 56 63 68
05 29 55 62 68
04 20 35 50 52
07 22 24 39 58
17 29 44 71 75
08 09 33 39 45
20 24 39 45 77
05 13 19 34 50
33 41 43 75 79
17 18 26 46 59
03 15 16 19 72
06 32 54 71 78
08 31 37 45 71
12 50 59 73 80
33 40 56 70 74
04 32 46 54 66
23 39 44 52 69
08 32 42 64 73
17 39 44 49 57
23 31 33 34 40
04 20 21 55 56
07 30 36 50 66
30 37 38 52 55
18 34 65 66 80
26 28 31 33 62
19 23 26 53 56
21 39 41 49 54
01 19 26 60 61
18 32 55 64 73
10 18 55 58 80
06 11 25 35 74
18 21 47 48 62
05 19 34 70 72
08 09 11 43 73
22 27 49 52 63
15 38 40 57 62
09 12 16 43 67
36 42 52 62 74
09 15 35 40 78
05 26 29 44 59
10 14 52 74 75
19 20 33 58 77
06 49 53 66 67
18 20 31 34 37
11 32 47 67 76
01 26 42 45 72
25 31 63 67 70
02 08 09 26 78
06 11 19 53 72
28 35 63 64 67
10 36 44 52 72
08 09 29 66 79
33 50 59 60 78
23 40 45 59 74
17 19 35 53 76
06 18 32 48 69
26 28 31 43 76
13 18 39 60 68
10 14 15 29 31
07 31 59 60 79
11 16 23 56 61
05 47 61 77 80
16 22 67 72 73
05 13 15 37 39
34 49 52 77 79
05 21 24 30 69
02 06 29 66 80
09 16 17 28 75
03 16 25 29 39
06 08 36 67 72
13 39 40 45 55
09 26 39 54 56
18 22 49 63 65
27 41 44 70 72
22 26 58 60 61
53 55 60 69 70
17 32 62 67 79
28 56 58 61 76
02 06 32 63 66
02 08 10 58 64
04 33 44 49 57
10 36 39 54 79
09 35 44 57 75
03 13 26 55 79
02 11 13 22 29
11 18 20 29 53
09 13 16 37 58
10 13 20 32 50
17 44 66 70 80
15 29 43 55 63
01 04 17 24 42
17 40 52 54 80
09 24 35 63 79
02 03 15 39 63
09 17 26 42 46
29 33 58 60 75
21 33 53 64 80
02 12 14 17 70
04 09 53 61 63
01 16 49 68 74
29 32 34 39 63
19 38 44 46 70
19 29 42 52 63
09 12 42 59 72
42 44 56 59 64
03 15 30 53 61
01 20 49 57 77
06 14 38 55 69
06 32 54 55 75
13 14 23 43 56
01 08 25 45 57
08 13 37 55 76
03 35 37 57 80
04 21 43 52 58
29 42 53 75 77
01 40 54 78 80
31 40 61 68 72
04 15 18 51 55
13 19 55 57 63
17 40 50 59 73
19 31 57 67 71
13 17 44 49 54
04 05 60 75 79
14 26 36 38 50
21 39 58 61 69
32 53 54 59 63
19 22 28 31 33
03 07 33 34 58
16 18 40 62 75
01 12 13 23 71
23 37 50 69 77
10 33 38 46 63
11 51 68 69 74
12 26 28 53 55
12 24 34 44 78
01 18 32 47 64
01 38 49 62 73
19 28 30 43 45
02 06 07 31 79
42 43 72 75 78
09 35 45 71 73
15 30 46 58 79
01 21 28 54 68
13 30 47 50 78
08 35 41 45 54
11 28 72 73 74
20 35 45 65 69
18 25 35 41 60
11 13 15 37 75
06 46 71 73 78
02 17 30 41 64
15 21 45 47 63
26 35 51 70 78
02 05 46 47 51
16 23 50 59 65
09 50 51 58 74
23 39 44 54 57
44 50 52 60 70
17 34 53 63 77
06 16 18 41 44
11 34 35 58 73
26 43 54 57 65
31 34 51 55 78
04 21 31 62 72
02 16 19 22 36
07 52 55 64 73
02 09 43 64 80
39 41 62 65 72
26 44 56 64 65
08 15 22 35 45
15 42 54 61 69
09 13 29 38 78
11 24 28 31 37
34 35 45 68 71
18 26 48 53 75
05 13 29 50 58
41 48 63 67 71
16 23 29 44 50
13 15 44 69 78
14 34 44 45 51
14 34 39 55 56
08 32 36 76 80
01 10 38 56 63
05 19 30 31 65
11 19 31 44 68
08 19 24 30 47
01 14 27 55 62
02 16 29 66 68
37 38 52 65 75
09 34 41 71 73
05 07 08 47 77
05 39 57 59 79
26 30 52 69 76
10 13 14 43 51
37 54 65 70 80
23 41 48 76 80
25 36 42 45 52
16 33 41 61 75
17 30 47 52 54
06 07 26 27 37
05 19 21 26 40
03 20 25 63 71
36 48 51 54 65
10 26 58 71 78
05 13 49 58 75
19 33 37 38 49
15 21 33 38 73
01 19 53 56 57
09 46 50 67 79
02 03 12 13 18
06 14 18 35 61
02 12 27 46 59
17 50 59 66 77
33 40 56 66 74
01 04 12 25 61
10 33 36 72 76
05 19 60 70 72
01 40 47 50 62
21 41 52 58 71
04 21 47 59 79
39 46 50 64 72
16 25 27 56 80
15 26 55 71 79
05 44 53 67 77
01 60 61 66 73
13 18 19 51 70
22 25 41 56 58
02 18 51 64 65
06 21 26 31 48
10 23 48 66 69
18 19 32 34 78
02 12 17 28 31
17 19 30 43 45
32 41 71 73 80
24 53 61 62 72
04 07 42 50 69
22 53 62 68 70
01 26 33 57 58
23 26 36 43 65
05 13 25 30 66
11 21 26 29 64
36 41 51 66 77
04 10 23 61 64
04 27 46 64 78
04 15 16 33 44
01 51 58 68 73
01 17 27 39 55
01 52 60 65 77
09 32 54 55 75
25 28 35 54 69
01 02 07 23 61
01 10 36 46 80
04 08 41 76 79
07 09 46 53 76
16 23 27 43 50
15 24 61 65 66
17 19 39 55 79
04 23 25 37 72
11 18 52 61 68
02 07 16 53 78
01 03 13 27 56
14 49 50 65 78
19 51 56 60 70
10 25 64 72 78
09 24 65 74 77
09 37 42 50 52
03 28 49 70 73
07 38 57 66 73
15 40 42 43 52
12 16 21 56 78
15 36 51 52 63
03 09 15 50 72
29 43 52 59 77
02 17 64 73 74
07 08 56 72 77
12 13 18 59 66
07 35 58 74 76
09 21 43 48 71
11 14 31 34 44
08 39 45 56 57
15 18 43 65 77
10 24 52 71 77
11 13 27 29 70
08 17 33 36 75
26 39 40 48 53
07 08 23 45 73
01 11 46 63 76
04 05 45 48 75
40 66 70 72 78
18 22 37 43 66
24 36 44 56 73
02 12 35 44 80
05 11 12 40 79
01 32 52 59 77
11 50 54 55 59
53 56 60 64 68
10 30 38 55 69
06 08 22 25 47
23 24 30 55 64
04 24 38 67 79
03 15 25 35 47
48 56 64 66 76
16 23 24 27 28
25 32 40 61 79
07 29 42 56 78
33 45 49 54 69
03 21 24 72 74
42 58 62 73 76
07 14 25 35 57
06 14 34 51 58
18 28 38 55 75
09 10 24 59 66
33 38 73 76 79
26 27 29 62 73
07 17 35 45 63
26 36 37 42 73
10 32 34 56 63
05 12 34 40 53
20 34 49 53 78
05 11 28 30 63
03 24 50 66 78
53 59 67 72 75
12 16 46 49 77
03 20 63 68 77
14 22 48 58 59
06 11 18 31 59
02 22 38 61 78
15 29 36 40 59
05 07 09 15 70
14 37 53 68 72
24 33 52 60 72
07 48 62 70 77
16 21 55 63 78
23 37 41 44 80
29 42 62 65 68
28 31 49 53 78
05 11 17 27 60
12 18 29 50 65
20 34 51 54 76
28 39 43 57 63
23 42 55 64 75
38 50 54 57 64
24 38 60 77 78
24 32 44 63 71
10 25 31 41 76
11 28 58 74 76
01 36 48 78 79
03 37 42 56 57
35 39 40 79 80
10 17 20 37 61
10 36 40 51 72
18 34 38 42 59
15 44 61 74 76
01 22 30 47 57
10 15 23 36 49
26 46 47 48 73
15 41 51 73 77
15 27 55 60 80
05 07 39 45 77
20 52 53 55 66
14 17 45 54 72
06 08 42 67 78
06 46 68 71 76
04 38 56 79 80
04 09 18 32 58
01 16 30 45 50
43 68 69 74 76
19 40 53 74 79
05 07 44 59 65
06 36 43 63 67
09 15 22 38 68
22 23 24 44 67
45 60 64 66 71
03 22 30 48 50
01 27 30 38 62
07 29 41 54 79
04 08 28 64 76
03 19 45 49 80
14 19 27 51 77
27 30 37 58 80
30 35 38 63 75
02 19 22 31 78
05 25 47 49 58
02 25 43 60 67
08 23 29 38 57
16 20 28 62 72
08 10 29 32 70
11 22 29 46 72
13 29 39 55 69
10 27 35 54 73
10 12 62 68 71
30 36 37 50 75
01 04 05 11 29
45 47 58 62 72
08 17 34 49 67
22 60 64 70 74
12 27 48 69 72
04 16 18 22 73
09 34 51 55 79
05 13 20 44 62
08 11 45 46 80
06 18 29 30 75
46 49 61 68 76
01 15 44 45 54
04 15 19 40 75
04 42 56 66 76
09 44 46 71 78
12 13 33 35 54
14 33 49 64 77
18 33 41 42 77
07 21 24 34 44
17 38 55 62 78
08 10 48 53 56
50 53 56 59 66
08 11 25 62 79
25 26 33 44 75
06 25 52 61 75
14 29 33 51 58
04 07 20 31 52
36 42 47 49 53
34 35 43 46 49
10 26 52 58 68
02 15 26 48 57
13 24 27 50 61
07 22 55 62 65
10 14 21 25 56
02 15 45 54 80
03 04 35 37 46
01 07 14 20 57
17 19 39 43 54
02 18 22 27 68
15 17 32 45 71
07 26 31 59 76
26 35 43 53 71
09 15 23 31 54
04 13 27 42 62
08 10 41 49 73
31 34 36 50 77
02 04 19 52 63
14 38 49 64 67
34 44 46 63 74
07 17 18 28 73
02 09 19 42 60
03 43 44 60 66
05 09 31 73 77
01 28 47 50 55
17 21 44 70 71
28 51 55 69 73
14 32 59 66 69
07 12 26 32 37
14 18 20 57 58
01 15 44 66 68
21 38 49 61 79
06 23 50 58 61
04 08 22 30 63
10 18 24 34 57
16 33 42 51 62
10 21 22 36 63
06 18 20 49 55
24 36 38 65 70
20 36 42 57 69
11 12 17 24 78
08 12 25 47 79
17 26 29 46 70
02 19 37 39 75
41 54 57 62 77
43 44 45 51 71
25 41 48 52 64
28 38 55 69 76
23 40 42 75 77
15 36 58 70 75
16 49 52 76 80
04 16 68 73 78
14 32 50 57 77
33 52 57 63 71
14 21 25 26 47
03 25 28 31 79
18 44 59 63 70
10 11 29 57 72
18 23 39 53 58
03 10 48 60 67
32 34 46 58 80
33 34 35 54 64
32 34 46 47 80
18 19 22 31 64
16 50 59 66 79
04 07 27 60 70
08 20 43 71 80
01 44 65 67 78
15 25 28 63 78
08 17 43 50 68
28 36 37 38 77
26 31 49 62 65
35 39 51 74 80
27 46 52 64 75
24 31 38 57 68
26 27 37 61 65
08 09 16 64 68
19 40 56 59 63
24 41 57 68 79
24 26 63 72 75
20 39 40 49 58
13 39 40 63 74
09 17 61 64 66
32 54 65 67 73
14 48 59 60 68
03 04 06 36 70
05 31 59 61 78
15 22 28 63 79
01 29 38 61 69
12 34 48 55 79
10 33 53 69 70
15 35 44 49 62
14 20 21 23 59
40 49 60 63 69
36 55 59 63 72
09 16 24 43 46
21 23 38 44 72
05 17 55 63 67
15 48 59 69 76
04 12 32 55 59
11 29 48 56 72
40 61 62 63 71
07 11 42 47 78
17 29 30 40 80
07 10 16 25 75
12 24 36 39 72
19 34 35 58 61
10 31 50 54 61
04 21 42 55 68
08 38 52 68 79
02 13 18 26 62
06 22 40 48 55
04 45 68 70 74
32 37 60 62 77
09 15 38 49 50
18 44 46 56 60
01 26 34 37 58
02 14 17 54 80
02 12 57 68 73
16 33 51 63 67
15 28 41 47 51
08 38 39 65 66
16 40 45 46 80
37 50 67 72 76
20 26 33 41 60
10 17 29 43 46
05 30 38 56 77
02 05 19 61 74
13 49 57 59 78
02 09 15 46 62
26 28 36 53 79
14 19 23 44 67
12 22 48 52 57
14 30 33 65 73
04 07 14 16 43
21 27 36 41 51
16 29 32 48 54
24 42 43 52 65
02 21 27 43 57
02 08 16 31 54
01 16 19 72 73
02 21 23 35 48
02 05 06 11 51
51 53 60 66 67
04 11 33 59 76
04 10 20 34 63
43 68 69 71 76
14 35 38 45 48
02 15 27 34 69
14 47 73 74 77
10 14 31 53 67
20 26 48 59 74
04 11 16 34 63
07 29 66 75 76
21 39 41 66 74
24 40 45 49 68
04 19 22 39 41
10 15 22 25 78
13 16 25 32 69
08 40 52 67 70
06 20 39 57 75
10 22 31 54 72
20 51 59 68 73
01 16 21 50 80
10 21 26 38 54
11 26 40 54 73
10 38 44 47 59
04 36 51 58 75
19 28 49 53 77
01 16 30 60 67
24 47 68 73 74
11 37 41 64 70
02 08 56 72 73
04 15 28 34 52
30 38 45 53 63
19 24 26 59 67
20 45 58 69 78
09 18 44 56 72
11 19 27 48 55
13 22 46 67 68
19 20 47 56 76
10 21 29 33 68
15 29 52 79 80
11 22 34 44 72
14 39 45 50 80
07 14 49 56 74
02 29 34 47 70
11 18 50 51 80
07 30 44 45 57
21 33 37 51 71
08 12 22 52 64
37 60 61 72 76
14 27 31 36 45
40 44 45 52 64
28 37 56 59 65
17 38 57 61 72
03 11 29 30 37
01 05 41 57 78
26 30 31 39 60
03 23 25 29 68
23 25 41 72 75
22 24 37 40 48
02 12 45 59 74
01 25 53 67 74
14 19 38 45 47
14 15 41 42 73
20 24 25 31 38
01 04 49 56 68
45 46 55 65 76
07 25 46 64 73
04 08 10 34 54
24 41 42 54 55
35 52 64 71 80
22 43 53 61 75
03 16 36 65 74
07 26 32 37 42
06 32 51 61 78
09 14 22 30 51
16 23 24 30 76
22 42 46 61 68
20 31 34 41 61
06 41 42 47 58
06 19 49 76 80
13 30 33 61 75
07 17 27 56 75
11 12 13 42 48
11 23 28 35 37
14 27 43 59 66
03 12 54 62 67
04 23 28 39 79
38 42 47 64 66
15 16 41 46 47
12 14 27 53 74
12 28 30 36 39
17 28 30 31 47
37 48 65 69 75
01 04 19 53 57
33 36 39 44 62
39 42 54 56 57
11 18 32 51 56
21 40 43 53 59
04 56 67 74 77
08 33 40 54 73
07 21 42 49 57
01 25 29 61 62
10 23 48 63 74
07 08 20 26 66
06 13 19 20 72
11 45 62 67 77
01 10 34 49 76
07 27 45 53 56
11 38 48 51 55
24 32 42 53 73
03 09 40 60 61
15 43 56 63 79
08 20 32 42 68
28 30 44 57 70
27 51 54 63 74
12 16 45 61 65
13 26 40 67 69
10 18 24 69 80
04 33 58 61 76
16 37 60 63 64
07 13 15 17 48
18 50 55 65 77
04 09 47 51 58
06 24 65 66 78
13 33 46 51 70
04 51 58 69 77
15 32 45 69 72
26 27 40 43 52
21 40 63 72 74
05 53 55 57 63
19 26 42 43 50
01 11 53 57 79
12 17 37 45 64
02 09 47 68 70
27 29 39 47 66
08 61 62 64 65
07 16 38 54 56
20 59 62 67 71
05 22 28 64 80
12 18 31 35 45
13 34 46 51 77
12 20 47 71 74
28 61 70 74 77
15 17 41 50 72
07 12 15 43 58
25 39 52 64 79
02 39 44 48 60
09 24 31 39 78
06 22 40 57 63
06 42 51 52 80
02 17 30 45 70
15 16 30 38 79
04 38 44 76 78
35 40 54 66 71
32 38 60 71 80
12 27 49 59 79
01 12 23 46 51
21 50 51 61 73
45 46 48 53 59
20 34 36 53 62
03 61 63 69 70
19 33 53 61 63
58 71 73 74 77
28 36 42 45 49
01 05 36 64 79
09 11 22 35 52
07 12 40 49 65
15 50 76 77 79
09 51 54 58 69
04 24 28 46 72
22 32 39 54 66
33 36 55 68 80
13 21 38 44 74
17 21 43 55 57
30 37 42 66 78
02 21 31 37 57
09 23 42 63 68
10 17 24 46 53
20 40 43 61 70
17 32 39 55 72
04 12 33 38 62
16 37 55 70 71
12 29 31 34 68
05 06 16 22 47
24 29 30 35 62
05 23 33 37 67
41 44 66 73 79
24 29 36 69 70
10 26 65 66 68
16 27 29 38 39
02 35 43 61 70
31 45 69 71 75
11 21 41 71 79
05 13 67 68 74
34 51 58 61 73
05 42 59 78 79
16 35 49 50 74
05 31 39 60 79
05 17 18 28 80
01 33 40 67 75
15 25 49 56 65
08 11 64 72 78
21 36 41 58 69
36 40 45 57 70
13 24 26 49 66
07 32 69 72 74
14 15 18 30 57
25 27 31 35 75
07 19 34 59 62
02 09 33 41 63
08 15 28 48 79
03 27 43 49 72
46 52 55 56 73
02 17 20 60 68
23 28 33 51 79
01 05 07 30 56
01 15 47 63 66
12 17 37 55 64
07 21 23 69 75
10 17 41 47 50
19 39 54 60 75
03 14 20 31 51
06 10 23 55 69
02 52 65 75 77
14 17 28 37 75
27 34 50 57 61
14 54 71 73 79
29 40 44 50 74
08 26 48 66 71
08 10 22 24 62
01 11 39 41 75
02 10 11 25 48
10 22 26 48 78
09 27 59 61 65
05 17 32 53 79
25 29 40 69 75
07 16 19 55 62
04 35 37 39 42
03 29 43 57 69
29 30 39 57 66
18 21 29 46 74
42 46 49 60 71
08 18 59 64 68
10 27 37 45 59
05 27 32 64 73
01 05 27 62 67
27 32 57 61 80
14 19 26 37 80
14 48 51 63 73
24 36 42 62 75
02 04 27 36 51
04 29 57 59 65
13 19 37 50 72
19 24 40 75 80
03 18 30 33 69
10 52 64 67 72
05 23 51 63 72
15 26 27 30 59
01 06 48 57 71
02 33 38 51 70
07 14 17 74 80
09 13 22 35 44
05 15 26 64 65
35 44 50 57 70
25 40 46 50 57
11 28 30 63 73
12 27 30 40 61
13 17 21 48 62
16 36 44 53 61
05 65 66 68 75
05 14 24 43 78
12 36 54 59 73
04 15 24 39 66
42 46 48 74 75
01 02 20 36 73
20 36 54 56 61
43 51 55 68 71
02 47 67 72 77
11 33 50 51 76
04 05 23 26 77
17 21 22 35 74
11 16 22 49 53
14 42 53 59 69
10 37 50 59 61
05 13 17 62 77
05 17 27 58 70
20 22 51 59 66
09 19 35 72 73
08 23 43 50 71
01 18 30 53 56
12 29 61 69 73
28 44 65 72 76
28 50 60 61 76
24 28 34 42 70
32 45 48 79 80
59 62 67 69 73
30 31 38 76 80
05 06 32 76 77
10 20 58 61 73
15 46 53 70 73
05 24 37 53 71
16 23 48 53 71
37 50 58 65 76
06 13 15 33 54
08 30 39 70 77
02 26 42 61 74
23 36 64 65 73
23 25 27 40 74
12 18 37 45 59
17 21 47 53 65
16 17 37 65 69
21 35 66 71 76
35 39 47 61 66
03 15 19 53 75
05 17 39 58 69
19 55 58 70 74
10 31 42 76 77
23 37 62 63 72
03 40 45 65 72
05 28 64 67 79
04 11 49 65 71
06 10 11 53 55
03 06 10 20 76
01 20 27 33 48
08 14 15 24 28
20 28 39 52 70
21 56 67 68 77
15 33 39 55 62
37 39 45 52 71
19 23 45 61 77
05 31 40 43 49
03 21 29 39 75
11 24 27 31 79
32 36 37 44 68
14 39 47 56 68
18 37 40 44 71
13 45 48 52 73
09 10 21 32 59
49 57 60 66 70
03 15 43 57 68
14 15 38 58 77
06 27 30 49 58
24 41 52 62 78
16 24 47 61 68
14 23 34 43 54
22 24 41 69 73
27 35 41 42 44
22 23 33 79 80
20 54 57 73 75
12 16 29 30 48
18 26 35 52 63
01 45 48 60 61
02 10 16 23 57
15 25 39 41 74
01 24 68 78 79
06 29 44 45 58
17 33 41 54 71
23 60 66 71 74
01 53 61 71 78
20 46 57 75 77
04 34 40 46 77
01 29 38 39 52
06 23 31 38 52
50 54 63 79 80
16 19 59 62 69
12 44 45 59 76
23 31 47 58 76
38 53 59 74 78
18 39 50 53 65
17 31 54 55 72
12 21 29 43 69
10 17 40 57 69
02 06 36 41 80
12 14 16 24 74
01 18 20 23 26
13 18 35 45 47
23 35 40 48 80
09 22 68 72 79
24 39 45 64 65
19 42 43 50 78
26 27 33 73 74
01 29 53 57 60
13 19 35 56 62
29 47 64 65 77
01 16 32 38 67
01 12 43 69 75
10 11 40 45 79
03 24 35 46 79
08 27 32 59 75
20 35 42 45 57
06 33 43 53 62
05 29 42 49 74
12 27 35 71 79
08 27 34 59 61
08 13 53 54 55
09 33 46 48 70
05 17 29 49 72
18 29 53 56 68
27 41 42 45 67
04 35 53 68 74
10 36 56 61 74
05 31 44 45 74
06 16 29 36 54
31 46 47 60 67
02 12 17 42 72
22 28 51 58 75
20 53 58 66 72
07 18 49 56 75
09 42 74 76 78
28 39 58 59 77
02 07 20 53 64
17 38 40 52 70
03 04 26 60 61
03 17 46 63 78
44 46 50 63 79
09 16 17 58 64
14 26 27 55 56
13 24 65 73 74
07 29 49 72 73
03 04 23 34 57
04 08 33 67 72
15 27 47 61 71
23 46 50 63 75
08 28 33 37 77
15 23 49 51 71
02 16 50 73 78
20 27 72 75 79
18 26 37 49 77
19 36 38 54 66
26 31 39 45 80
01 30 42 57 71
14 28 29 36 41
15 43 56 69 77
15 20 48 75 79
08 30 40 68 77
22 30 49 63 64
01 11 15 27 65
31 53 55 60 68
08 13 28 31 74
13 14 42 58 61
03 08 42 75 77
34 40 42 49 66
40 66 67 72 77
24 28 31 35 47
04 10 19 68 79
35 45 47 76 79
16 43 51 59 76
23 34 36 52 69
22 61 65 66 70
04 12 17 61 62
10 12 42 48 60
30 51 57 66 79
04 47 51 63 75
25 29 36 56 70
20 29 32 43 65
02 08 33 60 75
04 11 40 60 67
18 30 49 59 60
18 26 46 55 56
09 25 29 31 78
06 46 52 53 56
04 20 35 59 77
07 36 42 49 76
08 40 41 70 80
45 52 57 68 70
11 31 34 43 60
03 35 68 75 78
19 30 36 51 57
11 15 29 48 67
28 29 40 46 67
01 03 05 67 79
15 48 52 53 76
12 25 43 46 68
31 51 59 73 77
38 43 60 70 76
08 14 69 71 79
28 50 57 71 72
18 24 30 66 76
07 09 13 18 24
28 40 62 76 79
02 46 50 55 72
32 35 44 55 65
04 06 22 34 43
35 51 71 77 79
15 16 24 27 67
19 31 36 46 70
04 18 21 76 79
13 36 40 55 56
05 18 24 41 63
04 20 28 60 78
30 53 59 64 80
04 13 51 52 62
06 17 25 26 76
23 34 63 73 74
35 42 62 69 73
12 27 49 55 70
32 42 45 64 77
09 24 32 54 63
34 50 54 56 69
16 34 35 45 60
31 36 46 47 59
06 09 30 39 40
03 23 32 72 80
09 22 56 60 64
18 19 50 54 67
01 36 46 54 70
19 20 22 26 61
16 22 54 67 77
27 28 38 44 57
05 07 16 25 26
23 44 54 68 79
02 23 39 47 66
45 48 55 59 80
02 21 53 59 74
03 16 17 34 67
03 09 10 40 70
12 26 38 49 62
08 28 42 51 68
06 09 12 25 27
13 26 45 63 68
16 64 66 74 77
02 41 53 71 72
18 23 48 78 79
41 57 60 68 80
06 10 16 49 78
08 19 29 47 74
11 18 20 58 60
39 52 54 63 69
16 32 37 53 59
09 22 43 53 67
23 31 46 47 76
28 33 71 72 79
03 23 33 68 73
22 59 62 63 77
05 21 36 45 73
04 12 26 57 67
23 24 37 49 78
08 24 26 35 75
26 27 46 51 75
29 35 36 48 62
04 20 40 50 62
10 23 44 56 71
02 14 28 35 48
16 52 56 59 65
05 10 24 51 64
07 41 48 58 62
43 45 48 66 69
04 37 49 51 68
14 15 28 58 68
37 42 48 64 71
17 20 29 56 61
32 49 57 62 71
03 10 52 60 62
09 27 55 63 74
28 30 49 61 80
05 22 39 40 56
04 05 06 42 66
01 13 53 54 72
07 12 16 35 50
07 15 16 40 43
19 31 47 49 65
04 21 29 30 80
02 15 38 41 61
03 22 34 72 75
25 32 51 64 80
18 21 43 45 47
01 11 35 77 79
03 08 49 54 63
20 27 29 48 67
20 36 59 65 79
34 53 67 73 79
25 29 71 72 78
06 28 36 55 76
04 05 13 14 17
05 12 29 35 65
01 08 43 65 80
16 31 36 44 68
39 49 50 67 76
33 50 52 69 70
05 18 49 59 65
29 40 43 62 68
32 42 44 52 62
02 05 27 29 80
42 54 57 63 68
46 49 55 57 70
22 23 50 68 69
18 40 62 66 75
18 59 62 72 77
12 28 39 58 80
18 28 39 44 55
04 05 10 34 55
23 35 50 55 75
10 22 23 35 60
15 29 58 67 70
05 22 36 41 79
20 38 40 45 48
33 46 72 74 78
04 13 51 72 73
15 27 40 68 76
28 33 39 46 74
07 11 13 26 35
06 13 32 47 50
10 26 33 37 59
16 28 34 64 77
28 51 59 68 77
36 39 75 78 79
04 10 11 21 53
07 19 46 69 73
06 48 53 77 79
15 25 37 43 55
04 46 48 49 65
15 22 34 60 61
44 58 66 67 75
04 10 15 48 54
02 26 51 52 65
02 10 14 24 34
34 37 55 60 70
12 39 40 70 75
05 27 30 50 62
05 20 26 52 80
10 36 38 51 80
03 62 63 66 69
01 22 38 57 62
39 41 42 63 69
04 05 15 46 60
17 21 50 68 76
17 22 25 39 40
04 10 52 73 75
15 26 62 74 80
06 23 33 36 53
01 08 55 74 80
16 19 21 28 61
08 28 34 48 64
36 48 52 71 74
07 14 24 62 68
37 42 49 51 76
22 29 50 58 78
22 31 48 70 76
12 46 48 72 77
14 24 27 73 75
07 25 26 37 55
04 07 33 52 57
04 08 18 47 78
04 07 60 73 74
05 28 55 58 78
04 11 18 38 64
23 32 71 75 77
11 48 49 50 54
01 19 37 44 48
21 34 37 43 71
29 33 47 63 76
04 05 06 41 76
36 38 57 67 68
45 47 52 73 76
10 40 59 64 74
06 07 14 51 52
31 33 39 49 54
06 32 47 54 78
10 14 22 68 77
06 28 37 38 77
18 24 41 67 76
15 27 30 58 61
16 26 47 50 78
31 39 46 66 79
03 21 39 45 53
34 50 71 77 78
13 61 69 70 71
12 17 23 26 60
31 60 62 73 76
44 47 49 55 80
25 38 39 52 53
26 47 54 55 79
37 39 43 68 75
08 31 49 63 64
04 39 41 54 73
28 61 66 68 70
09 13 28 55 64
07 08 45 47 62
10 31 44 53 75
03 28 33 52 57
12 18 26 31 33
07 12 52 68 79
02 14 31 60 64
14 28 39 71 77
32 37 44 50 58
15 41 48 52 58
07 24 29 35 56
02 04 26 49 55
01 30 50 57 65
11 28 41 69 72
05 18 32 58 64
22 52 57 59 72
02 13 42 52 75
17 19 20 26 47
18 27 31 63 78
01 31 44 48 78
04 38 46 52 72
02 60 61 64 76
04 23 33 44 46
18 26 29 59 69
05 18 22 34 56
11 15 39 40 69
19 31 41 47 55
48 61 66 69 72
23 40 41 78 80
02 04 20 25 57
04 20 25 34 56
56 69 74 75 78
05 07 33 36 38
01 10 23 52 53
01 15 20 57 79
08 25 30 52 67
01 42 48 53 62
28 30 47 55 58
02 17 22 74 75
11 18 26 53 56
21 29 60 62 65
11 15 26 29 39
21 31 62 68 78
01 31 44 54 72
05 29 35 58 62
33 39 48 65 77
24 25 55 62 69
14 26 32 47 69
01 20 31 36 61
20 33 42 49 72
02 11 28 42 76
14 17 28 47 56
09 22 38 39 55
04 49 51 58 60
01 05 32 53 71
06 24 25 38 53
01 46 53 70 75
03 29 31 35 48
01 11 25 30 75
08 11 25 26 50
01 31 59 70 80
14 25 29 60 77
33 37 44 50 79
13 47 58 75 78
17 28 30 37 46
11 30 37 46 70
01 38 53 64 76
25 41 59 66 74
09 11 66 71 77
30 40 43 44 78
15 26 29 47 79
37 49 52 56 65
10 13 17 37 38
15 26 31 36 43
13 48 64 66 77
01 33 41 43 60
38 61 65 66 76
10 16 36 61 80
15 18 31 54 55
34 55 67 72 77
07 08 10 61 73
01 47 58 64 73
01 07 15 72 73
33 53 56 71 79
05 28 40 47 73
02 03 16 56 73
05 11 60 68 79
17 19 33 37 71
22 26 35 59 66
37 49 65 72 79
31 35 41 44 47
04 19 29 69 71
12 26 36 45 75
09 11 15 47 53
05 10 33 49 61
05 33 41 48 54
10 13 26 38 63
04 09 25 41 45
02 19 49 53 69
01 05 40 70 73
23 25 51 52 56
12 18 39 40 60
05 19 37 69 72
06 14 66 68 73
17 35 40 46 74
05 07 22 40 62
02 34 38 41 44
19 30 31 43 52
06 08 17 39 73
05 09 62 66 74
25 35 52 57 60
15 17 33 73 76
25 32 69 78 79
17 30 31 39 75
35 58 64 73 77
13 15 22 43 48
18 31 37 51 71
03 33 35 42 68
30 32 34 40 69
16 23 25 38 53
25 28 34 43 56
01 04 44 57 66
05 33 38 58 78
10 37 43 48 74
14 19 23 68 69
08 16 58 63 72
15 34 40 42 52
03 05 37 40 48
12 25 30 55 80
34 71 75 76 78
19 30 41 56 64
01 20 54 59 71
07 11 41 49 68
04 17 38 40 49
41 47 64 66 72
12 18 34 57 74
11 49 58 73 79
10 28 51 54 68
10 29 42 63 80
10 26 28 61 71
05 40 42 53 57
11 39 44 49 71
01 07 19 40 53
03 17 36 37 45
18 36 49 65 79
09 18 25 65 72
02 13 39 56 72
25 30 32 68 75
08 12 48 52 60
04 19 27 33 55
09 25 26 31 40
32 48 51 54 70
07 56 62 64 75
05 18 37 39 58
31 43 46 55 77
24 34 45 74 78
13 33 39 57 64
04 32 43 44 52
05 06 10 26 64
04 14 15 29 36
06 07 10 38 48
18 21 52 60 72
42 44 58 62 70
14 17 39 45 76
07 19 72 75 78
01 05 15 27 44
06 35 40 53 65
17 21 25 44 75
38 53 69 75 78
01 17 22 38 67
31 33 63 67 72
08 24 31 39 72
11 12 26 29 77
09 14 28 56 62
03 10 13 37 80
10 17 23 45 68
11 37 55 62 68
08 13 14 33 59
19 55 66 67 78
06 43 44 57 80
15 18 23 34 60
11 23 29 62 70
21 28 29 51 58
31 37 62 73 77
01 08 15 23 57
07 23 49 58 65
31 35 41 66 75
02 09 37 66 67
18 27 50 63 64
15 16 34 42 43
06 20 57 63 66
17 20 29 46 79
15 29 36 75 80
12 45 69 71 77
08 35 61 67 68
18 31 57 79 80
06 57 68 69 80
10 32 33 39 69
02 06 54 73 76
05 12 25 54 62
08 10 14 47 48
10 53 61 68 74
09 27 59 62 74
12 27 36 47 62
11 13 20 33 67
09 20 26 36 54
13 29 31 39 44
44 51 54 55 75
02 06 39 59 73
02 10 13 55 58
08 38 40 63 78
07 09 22 24 80
14 21 69 70 79
02 53 57 71 77
22 29 66 69 77
05 28 39 75 80
02 05 15 36 62
44 57 71 76 79
33 41 52 56 75
24 26 28 48 68
51 53 75 77 80
06 11 15 25 48
04 23 24 25 31
28 41 58 60 79
23 28 40 49 73
19 31 44 62 65
03 37 42 54 70
12 22 33 40 56
43 44 48 69 70
09 27 37 67 76
11 23 29 31 44
11 22 27 40 78
18 24 29 66 77
06 15 26 28 60
13 19 27 30 44
02 10 38 49 73
06 25 31 71 75
05 10 36 50 60
35 40 43 55 69
03 39 74 75 78
06 09 21 37 47
06 16 21 48 80
05 10 11 47 65
15 26 58 62 79
02 23 37 58 72
43 50 55 79 80
01 14 15 23 30
19 32 43 50 52
25 33 44 61 75
27 41 67 71 72
07 35 54 59 71
11 14 24 76 79
14 32 38 51 60
04 08 26 55 75
04 36 53 73 79
17 36 37 41 43
36 42 51 71 78
40 43 46 66 71
06 14 37 54 62
39 46 54 55 76
01 03 31 37 42
18 20 25 47 68
19 20 30 55 78
13 18 37 46 47
07 11 41 49 59
08 29 39 59 73
18 53 59 67 79
09 33 60 70 75
06 16 31 50 56
12 42 43 76 79
02 08 20 24 69
13 19 34 69 77
01 03 39 53 59
29 45 53 72 80
03 04 12 13 68
10 14 37 61 74
06 13 39 43 65
06 09 19 46 67
14 19 30 72 76
12 31 42 46 56
14 30 51 53 71
09 21 39 47 75
09 18 27 51 56
08 09 33 39 51
29 40 41 57 70
10 14 15 63 73
15 43 68 74 75
13 20 31 62 79
06 49 51 54 56
12 33 34 40 67
01 28 50 63 74
09 17 44 50 63
05 10 19 29 50
01 03 28 48 69
04 25 50 59 72
02 18 41 68 70
01 13 42 56 65
17 37 68 74 80
33 43 45 65 72
03 09 37 64 68
10 12 51 65 71
06 17 66 67 75
01 03 04 33 49
17 20 41 64 76
19 22 29 30 32
02 05 19 31 62
10 19 41 47 54
23 24 32 42 73
16 29 32 39 70
20 40 57 70 79
22 36 41 68 77
08 12 26 36 59
04 25 35 44 62
24 25 48 52 79
04 15 20 64 80
02 03 16 18 63
16 39 50 70 76
10 34 58 75 80
07 45 62 63 69
05 20 26 59 61
01 04 17 54 55
10 45 61 62 80
01 52 59 69 72
25 42 44 64 69
05 22 27 47 73
02 04 30 37 44
20 48 52 79 80
13 24 61 62 78
21 52 60 68 73
01 31 39 48 56
15 25 26 30 78
01 32 38 53 77
03 04 12 70 78
22 25 28 37 56
16 45 46 50 77
22 41 48 71 76
05 15 17 42 60
02 18 35 50 54
49 59 68 75 77
03 22 63 68 74
16 30 34 43 51
10 14 29 47 65
02 04 39 72 73
02 10 32 43 77
08 18 34 35 67
07 68 71 74 76
29 36 44 54 59
01 18 20 50 70
22 41 58 60 78
15 28 49 61 80
06 38 42 60 67
10 21 38 57 59
07 29 40 41 53
04 15 35 42 46
06 08 37 46 53
06 07 09 53 67
01 20 51 62 74
06 28 34 44 60
13 15 21 52 72
05 22 52 62 67
46 53 72 77 79
19 52 56 70 74
09 13 58 69 72
03 20 45 58 68
07 10 40 45 49
13 21 64 66 80
14 22 38 39 80
03 13 22 39 69
13 35 60 63 73
06 37 41 52 55
16 48 53 61 74
09 17 46 47 72
05 26 27 46 59
02 47 58 66 68
04 06 11 56 67
27 44 54 70 73
12 22 31 36 77
07 19 40 63 80
09 25 37 40 70
02 13 20 38 50
16 44 46 51 66
14 17 21 25 42
19 35 45 60 77
16 18 26 37 80
07 21 60 72 75
20 21 64 74 76
01 04 20 58 74
49 61 64 71 75
17 49 50 51 78
10 12 52 65 70
13 33 40 57 69
47 51 61 62 75
14 61 62 64 72
41 55 62 75 80
02 20 27 56 61
09 28 36 41 79
01 05 08 25 80
05 11 35 44 78
09 42 60 72 79
04 06 07 62 74
01 27 32 57 77
07 13 17 32 61
37 40 43 50 58
03 51 54 55 57
26 34 37 44 45
04 56 57 62 65
07 11 46 53 55
14 28 48 67 69
01 02 04 09 67
23 44 45 51 68
31 34 54 56 71
42 47 52 69 70
10 33 59 60 80
15 45 63 64 66
01 27 30 40 71
15 47 51 68 72
02 13 22 34 61
07 20 25 36 73
16 17 48 73 80
03 06 30 47 72
04 11 30 34 62
09 13 41 58 60
02 42 46 50 78
19 20 55 60 74
11 28 33 49 52
07 23 30 50 79
40 55 73 75 78
17 32 34 48 76
13 14 53 54 64
03 35 52 53 66
05 07 25 36 63
18 41 45 68 72
15 18 58 59 60
08 29 45 51 72
03 10 11 13 28
08 20 38 71 79
01 04 08 70 79
09 10 22 34 72
20 36 44 52 63
15 16 40 51 69
04 07 60 68 72
11 17 48 52 77
11 23 41 42 77
05 40 43 65 72
20 39 48 64 65
11 29 30 34 66
16 24 38 39 77
17 37 40 63 79
16 45 61 75 76
14 27 30 32 50
27 40 44 58 76
05 12 38 72 77
04 30 43 50 62
20 29 49 72 74
02 07 47 54 72
03 06 32 65 78
02 09 17 19 49
16 31 35 45 51
02 04 12 16 73
10 17 25 27 31
14 39 45 66 73
29 33 54 71 72
01 02 12 16 56
16 39 58 60 73
02 14 30 59 64
08 44 52 63 64
06 09 16 57 60
02 46 60 71 78
10 13 41 61 76
21 28 46 71 72
04 18 31 61 66
01 06 21 52 63
01 19 26 49 75
03 43 45 58 80
35 45 59 68 74
19 36 39 42 53
04 15 28 43 80
33 35 56 60 74
31 34 55 58 67
10 12 19 20 34
03 10 35 45 47
27 37 46 67 70
21 26 32 39 51
12 40 49 56 76
08 10 44 61 71
03 24 35 56 62
11 18 26 27 66
13 14 25 58 70
07 22 42 45 49
23 42 53 64 74
21 30 54 66 71
01 38 41 44 70
01 04 13 22 72
02 10 14 55 77
10 30 60 71 78
11 27 69 75 76
06 32 41 52 53
08 15 19 44 56
11 13 26 64 66
05 29 59 62 72
02 18 41 45 46
01 15 16 70 73
08 18 30 44 70
08 11 22 56 65
03 31 50 75 79
09 25 32 40 69
04 21 26 35 57
09 23 33 40 42
03 04 53 58 66
24 27 43 63 80
03 15 40 69 80
15 42 46 50 76
28 34 65 66 70
03 12 52 54 67
27 29 67 69 74
05 31 33 53 73
24 26 38 47 80
07 24 26 50 66
06 24 68 74 80
08 37 43 45 68
10 30 35 37 65
21 24 37 57 60
05 29 42 44 76
19 49 51 63 78
07 31 66 75 78
14 49 54 57 76
36 53 56 62 71
11 29 31 38 52
13 19 23 30 32
04 29 40 50 55
05 16 26 60 80
03 15 24 65 75
02 27 29 35 78
08 10 19 20 32
07 19 23 31 37
01 05 11 72 76
07 11 30 36 52
19 21 43 72 79
10 27 32 33 42
09 13 15 28 59
03 06 33 47 60
32 44 49 73 77
20 22 30 39 53
37 43 51 68 72
27 28 55 59 71
03 14 18 67 73
05 24 43 63 75
11 13 44 52 80
01 09 29 75 76
07 18 49 53 71
47 51 54 56 80
16 18 42 54 61
10 14 62 63 75
16 23 26 55 59
16 28 33 57 61
29 46 52 55 73
12 30 46 54 56
36 44 45 60 66
07 08 09 50 75
27 42 56 63 65
09 13 35 45 70
12 20 22 42 79
02 13 50 71 80
15 21 22 34 79
07 08 59 64 65
22 38 40 63 66
09 40 60 61 67
14 27 32 51 58
17 42 48 54 68
08 39 48 71 75
20 48 60 73 77
26 28 51 64 74
12 28 29 34 71
02 20 23 43 51
04 39 50 62 76
24 40 42 52 74
10 34 37 74 77
47 51 58 60 76
23 60 62 68 80
08 10 22 66 76
04 39 46 68 71
04 08 37 44 50
22 49 59 66 76
38 42 57 62 68
14 22 45 64 72
32 36 41 51 76
05 16 50 51 57
42 43 65 66 70
10 27 54 59 75
01 35 36 44 67
05 14 32 55 56
07 13 25 61 78
34 40 65 66 76
01 02 04 41 72
27 38 45 72 78
05 34 61 67 77
15 23 29 53 64
02 13 16 59 61
07 17 26 41 63
22 34 35 48 80
08 35 42 54 57
11 38 42 46 74
22 29 72 78 79
03 24 43 47 63
12 17 54 58 67
08 15 43 53 72
24 29 46 74 76
20 32 46 48 62
16 33 54 56 59
27 43 45 49 69
14 23 54 58 80
28 31 47 51 59
16 17 45 50 62
09 40 50 52 58
10 17 18 28 31
27 38 59 67 75
17 42 55 70 79
12 14 36 64 80
06 08 15 42 59
16 26 29 32 74
18 20 25 35 62
02 43 59 68 75
13 40 65 69 77
17 28 51 56 75
03 16 21 67 78
22 25 28 72 77
03 07 54 59 63
07 32 49 60 75
14 41 51 73 80
20 42 56 75 76
08 20 33 41 44
23 38 49 51 71
35 41 57 64 66
14 15 54 68 75
08 26 38 56 58
07 13 42 56 69
06 21 26 64 75
04 24 28 39 61
28 38 43 60 79
39 41 48 71 79
04 14 49 58 79
17 18 27 68 80
35 44 51 59 67
01 02 11 42 44
02 23 67 74 77
08 38 50 60 67
32 53 67 69 71
08 21 38 61 67
06 23 36 66 69
18 39 49 55 80
16 54 61 75 80
15 24 30 44 77
17 18 36 37 40
14 24 37 39 76
08 09 37 38 40
09 20 21 39 65
08 16 23 26 55
02 13 31 56 71
13 16 31 35 51
10 12 38 52 75
10 33 41 45 78
05 21 61 79 80
12 14 27 41 72
12 13 29 35 65
08 21 29 58 62
04 19 35 42 49
06 10 44 48 57
01 28 30 42 68
02 25 29 48 61
08 41 64 66 68
23 31 38 51 58
05 16 30 47 73
02 29 38 58 63
09 10 13 23 68
14 36 49 59 68
05 10 46 58 80
19 43 57 58 66
02 08 50 62 64
22 29 35 47 76
09 38 48 68 80
12 32 51 77 80
08 16 39 63 71
20 21 47 57 60
08 34 37 55 73
15 18 56 61 68
03 20 31 37 62
07 16 21 28 77
02 04 26 67 80
30 37 38 45 61
22 38 40 48 78
24 25 40 56 75
03 19 25 29 58
04 28 51 58 76
13 25 52 55 71
12 21 52 60 63
18 25 28 51 69
48 53 62 67 77
26 47 59 64 70
04 07 25 35 52
22 32 44 65 74
27 39 55 71 75
12 28 45 56 59
22 29 64 66 70
34 35 40 48 49
03 26 47 61 72
01 10 23 41 76
15 16 41 42 55
14 39 41 66 75
40 42 51 52 66
02 15 20 32 34
09 22 26 34 78
05 16 41 53 68
33 39 51 56 72
26 45 69 77 80
22 32 60 68 72
26 29 51 59 62
05 08 35 55 70
05 21 22 62 77
02 25 43 53 64
28 33 42 48 76
21 31 45 48 55
26 41 46 55 67
01 27 44 56 74
07 21 32 36 52
12 49 55 67 80
16 19 34 38 55
20 26 57 61 63
11 19 38 48 54
28 39 42 59 78
10 21 22 25 63
20 24 45 56 61
28 33 42 62 63
09 39 60 74 79
05 25 27 62 71
04 10 26 36 80
01 10 47 73 75
03 09 24 33 60
02 20 30 45 74
01 13 45 55 58
27 34 46 55 70
09 14 56 68 79
11 38 40 41 78
02 14 47 53 78
10 33 42 49 70
17 37 53 69 80
06 19 21 27 58
19 21 55 60 62
05 12 32 44 54
16 21 37 38 60
22 31 34 73 74
42 60 62 66 75
37 47 52 72 79
01 13 27 59 71
05 09 24 48 77
22 25 56 76 80
02 22 31 64 75
02 16 64 69 77
08 54 57 64 66
24 36 44 45 46
09 35 43 49 78
16 38 44 76 78
33 34 71 74 79
09 24 27 30 68
12 42 46 49 80
01 08 32 65 67
12 40 60 69 77
09 22 62 63 72
16 42 49 51 75
14 31 38 49 73
08 12 29 62 65
28 38 52 59 71
26 29 42 47 68
12 15 42 58 78
19 22 26 57 64
26 39 41 42 74
31 34 37 39 45
03 09 27 50 53
45 46 47 54 65
08 19 38 42 79
02 06 15 34 36
29 50 58 77 78
27 43 44 56 59
12 16 17 25 50
08 29 59 65 80
33 46 49 54 56
01 11 17 18 37
04 30 55 62 71
12 27 31 34 55
09 11 32 62 79
15 19 51 63 72
06 58 61 63 79
12 33 64 68 70
13 26 28 37 67
07 11 19 29 39
21 34 49 50 54
08 24 29 54 70
09 35 36 40 63
14 22 52 78 80
15 30 49 64 72
11 20 26 47 65
03 20 29 39 74
33 39 49 53 71
12 16 66 78 79
27 28 29 34 79
06 32 33 39 75
23 24 33 52 62
03 33 41 53 59
07 31 38 39 52
08 34 36 65 74
08 09 46 64 65
01 15 24 42 72
04 05 06 14 27
33 49 55 69 76
10 23 26 37 53
05 08 17 34 71
01 06 44 52 80
18 22 28 47 54
01 04 36 47 65
01 27 32 56 71
21 38 60 67 79
03 14 16 22 52
06 12 30 62 72
41 44 52 59 77
37 44 49 53 60
22 23 32 50 70
03 04 18 33 80
30 33 45 58 77
15 53 55 63 79
05 11 15 34 35
21 24 60 76 77
16 46 49 53 63
12 31 59 71 77
02 10 34 43 66
29 47 51 52 73
01 60 61 62 71
20 26 46 58 80
05 12 28 68 71
06 45 57 59 70
06 09 47 49 77
48 63 66 70 73
35 40 47 49 53
37 46 55 56 74
10 11 13 31 38
16 25 27 76 80
08 28 33 54 56
15 50 51 58 65
05 09 46 50 54
06 08 30 47 71
05 26 45 57 61
01 10 44 68 77
01 16 18 21 36
35 36 43 64 72
02 48 55 71 74
30 40 42 52 76
01 08 26 65 69
33 55 59 66 76
09 14 36 58 70
15 17 57 73 74
18 19 23 34 67
10 20 50 64 67
07 14 25 38 68
21 48 62 71 79
17 41 46 57 71
27 29 37 50 57
06 18 22 50 52
39 41 42 57 73
18 20 46 57 77
21 25 38 42 60
24 28 35 46 61
09 19 32 34 35
10 13 33 34 74
11 28 49 56 79
06 07 50 51 70
08 36 46 49 60
40 48 62 71 75
09 26 32 61 63
06 09 23 44 78
16 39 44 68 73
04 05 15 66 79
32 34 41 45 57
06 26 65 70 74
11 43 48 57 67
11 21 52 63 70
06 12 35 41 58
06 33 38 49 58
09 10 22 49 52
01 09 36 44 50
04 37 38 59 63
04 08 16 40 50
18 46 48 61 69
30 35 40 43 79
13 28 29 47 77
03 32 40 50 68
25 57 64 76 77
11 12 33 36 78
21 24 36 40 71
05 45 51 56 77
04 30 49 64 73
20 42 49 79 80
21 33 36 56 61
13 36 41 71 80
08 32 44 46 67
07 29 45 53 78
03 26 44 49 54
31 41 45 52 64
06 34 57 61 79
40 43 50 56 63
04 37 45 55 65
10 32 33 51 53
12 18 28 45 73
07 14 17 47 56
23 36 56 57 70
04 06 23 30 54
04 13 17 28 72
01 05 15 28 37
12 40 64 65 69
01 29 51 54 57
34 37 52 60 66
12 14 30 42 70
09 16 39 47 75
03 61 69 76 77
01 06 09 17 27
10 13 25 56 67
01 26 42 59 75
41 42 49 68 73
16 17 55 78 79
08 37 47 58 64
13 43 45 74 76
40 47 51 58 72
32 44 53 67 72
21 46 50 60 67
05 25 27 29 63
13 46 52 56 78
16 19 27 62 69
09 20 55 70 79
24 28 50 58 68
04 24 36 43 50
16 50 53 60 72
01 10 36 64 71
21 23 42 52 56
07 39 48 66 79
13 17 54 64 79
12 47 51 55 73
18 25 50 51 55
31 59 64 65 67
10 17 34 37 64
16 35 52 76 77
06 22 43 50 61
10 34 39 62 76
15 38 45 47 53
19 51 60 64 71
10 22 39 69 74
34 36 43 51 54
09 38 44 73 79
08 16 24 39 73
01 08 37 51 73
04 22 57 60 62
26 29 69 72 79
01 15 33 53 68
03 30 45 57 66
16 23 36 51 72
02 26 31 41 57
01 24 34 36 74
53 58 61 74 78
22 27 69 76 80
33 35 50 54 60
24 34 37 44 45
36 39 43 59 65
34 41 44 60 72
20 39 47 71 79
23 41 47 48 55
10 36 52 63 68
06 35 52 64 73
04 32 46 48 65
07 31 32 67 70
21 22 48 50 80
14 17 28 32 71
08 11 23 59 64
22 37 43 53 63
35 46 67 77 79
03 17 39 57 64
04 15 17 25 64
48 51 62 72 79
14 26 38 59 69
09 45 49 63 75
05 21 25 32 41
01 11 29 62 71
03 07 36 38 57
21 26 49 75 79
15 37 54 69 71
07 47 49 60 78
03 11 19 63 67
18 24 32 51 59
42 46 64 67 71
02 10 70 71 77
01 06 38 45 79
11 25 32 39 47
31 45 46 65 74
16 48 52 72 73
30 43 52 65 74
01 09 26 35 78
06 08 41 48 76
10 15 22 28 31
08 18 41 42 75
01 08 21 31 58
04 12 27 36 44
11 14 28 45 49
06 39 42 59 74
12 23 65 68 74
08 18 31 60 70
05 16 27 35 40
11 13 28 30 54
10 14 22 73 80
41 51 53 56 64
35 36 47 49 69
21 39 40 47 59
16 19 24 54 74
08 13 27 44 79
01 08 29 55 74
01 20 37 73 79
09 13 14 19 32
10 22 30 55 75
54 58 70 76 80
01 06 37 60 75
07 13 21 47 63
03 06 25 40 54
15 17 24 54 74
25 35 51 53 57
24 25 45 57 63
04 40 44 67 70
30 33 46 52 58
17 25 43 47 65
10 15 16 62 69
13 15 19 41 72
12 14 46 58 71
10 39 40 55 71
18 30 46 47 76
02 45 46 48 55
06 27 49 61 75
02 13 32 48 51
14 40 52 63 71
13 23 39 40 48
14 21 22 59 73
08 10 17 68 76
28 46 59 67 68
06 30 51 53 69
01 23 38 59 70
01 04 15 23 37
02 13 53 66 79
11 14 55 58 74
03 13 21 24 67
20 29 41 69 77
04 11 14 15 33
02 10 27 52 73
13 18 41 54 77
29 51 62 69 75
09 19 21 38 58
11 42 45 73 77
03 11 49 53 61
10 16 18 52 59
13 15 31 39 63
05 15 30 68 79
03 12 26 54 62
03 53 54 60 62
04 15 17 56 59
04 13 16 35 67
04 31 58 65 66
15 23 25 30 37
04 08 35 48 69
14 26 43 51 76
29 36 47 70 77
04 70 73 76 80
26 38 40 48 79
03 38 44 46 73
01 11 18 29 76
03 21 32 54 66
12 14 23 49 63
03 08 10 14 63
13 52 54 61 70
04 59 61 69 71
11 46 49 64 69
23 29 35 52 75
08 36 46 65 78
02 34 54 60 72
17 19 30 42 73
22 26 44 56 78
29 31 54 56 61
05 19 74 77 78
01 11 13 16 20
05 32 35 37 74
12 48 50 65 79
19 21 23 38 45
01 28 30 64 72
09 16 24 69 70
04 09 43 67 68
05 52 63 66 70
04 17 69 70 74
42 43 47 72 76
05 18 38 41 63
41 45 52 74 80
08 16 26 27 43
43 51 60 67 77
13 21 30 38 58
04 16 24 72 73
04 14 31 34 70
02 52 57 64 78
02 17 51 67 74
09 48 57 71 76
21 28 39 67 76
17 19 42 43 64
11 40 68 72 74
06 39 48 52 57
42 69 73 78 80
18 33 44 49 69
11 39 43 48 62
22 29 33 59 60
48 56 59 62 80
07 09 22 53 64
05 24 28 31 45
39 50 55 76 78
33 46 50 66 76
19 39 54 55 61
06 07 15 60 67
35 42 45 63 78
06 26 27 68 70
32 60 62 64 77
21 47 66 67 78
14 19 21 54 78
05 20 52 64 74
02 38 47 57 63
12 13 17 19 67
38 59 69 70 71
23 37 56 71 77
06 59 61 76 80
11 12 32 53 59
06 35 37 42 56
31 53 54 62 73
20 43 54 63 72
12 39 46 73 77
05 09 51 53 58
12 26 50 60 74
16 24 44 72 78
15 16 59 68 78
05 41 42 54 72
04 13 30 32 55
04 14 22 40 53
04 16 42 45 58
09 11 40 52 79
08 12 36 43 48
18 28 53 64 69
03 35 45 49 76
04 30 52 64 72
18 30 37 45 70
11 13 28 32 58
22 35 54 61 66
32 47 73 79 80
18 21 30 34 66
21 35 61 69 80
13 15 33 41 48
12 27 48 66 67
22 26 27 41 79
09 15 19 45 75
19 21 36 58 79
01 05 26 41 67
13 32 69 76 79
12 22 49 50 63
14 23 46 70 75
19 21 25 44 71
27 30 38 40 46
22 45 52 56 71
21 25 59 74 80
04 14 47 70 73
07 18 44 57 61
24 44 58 67 77
20 22 25 27 73
03 34 47 48 71
19 31 52 55 75
16 28 43 47 68
18 34 39 65 66
09 33 37 61 69
18 24 32 37 39
05 10 39 66 78
05 29 39 66 68
39 42 51 70 71
05 33 38 51 65
10 38 47 68 76
14 27 39 41 49
12 22 31 36 47
34 38 52 65 74
15 20 31 35 69
05 28 36 39 80
15 47 71 72 74
09 16 36 48 67
29 34 40 45 47
07 08 18 25 35
04 05 27 64 72
05 09 39 49 69
07 10 15 26 77
53 55 63 64 75
16 34 38 54 65
33 50 52 73 79
12 24 60 66 77
29 33 51 56 58
06 07 36 49 54
02 22 24 56 78
08 09 42 55 57
05 36 75 77 78
15 26 32 56 60
17 46 53 58 63
52 53 61 66 78
37 61 68 71 76
01 04 23 65 74
12 34 35 44 63
41 43 49 56 58
19 34 58 60 72
04 09 44 45 77
15 21 29 40 52
46 65 67 69 70
27 39 50 74 76
11 13 24 29 48
06 18 24 39 70
09 15 33 40 74
13 18 29 30 44
03 14 24 33 75
19 38 47 49 74
42 43 60 62 80
15 26 31 41 56
05 13 14 64 68
01 19 34 39 68
04 25 36 46 63
13 19 38 39 49
30 37 48 57 76
21 26 39 66 76
17 18 49 50 63
11 21 28 38 64
02 17 20 54 71
08 19 39 70 80
22 23 25 36 39
04 25 45 62 78
04 13 32 33 51
14 16 38 46 50
16 28 33 57 64
15 30 43 63 64
05 07 11 29 41
04 31 57 68 76
16 30 31 55 69
03 35 44 65 77
01 08 34 56 80
35 51 52 71 77
04 05 10 68 77
08 34 35 51 79
04 05 19 29 41
14 16 26 29 47
18 22 44 63 75
04 20 53 59 70
04 10 44 63 76
29 39 59 60 65
08 13 24 26 34
12 24 28 37 71
19 26 30 43 46
60 62 64 65 68
06 16 33 36 47
19 21 49 53 76
31 32 52 53 54
05 27 53 69 72
05 33 39 44 52
04 31 35 45 72
38 49 58 66 70
16 44 49 50 53
02 49 51 68 80
30 35 40 50 67
28 31 40 52 55
45 53 68 73 77
14 18 25 35 66
06 25 35 38 40
10 13 18 78 79
16 42 51 61 66
26 33 46 58 79
03 15 52 66 76
37 39 44 59 75
09 19 34 55 60
10 21 29 54 78
07 12 19 58 72
38 43 44 48 77
19 22 32 65 71
01 07 40 42 47
07 24 41 52 77
14 32 52 72 75
19 40 52 65 78
11 29 31 49 51
24 36 43 73 75
08 14 53 67 69
11 25 43 61 71
03 09 33 37 40
17 30 37 44 77
05 07 30 49 62
09 34 39 42 75
31 38 62 73 76
10 13 42 60 61
16 30 42 58 65
24 26 32 40 56
09 13 28 48 80
05 21 43 51 66
12 14 38 61 62
07 22 47 61 64
04 15 46 54 59
07 09 70 73 74
03 18 70 79 80
06 27 40 46 71
19 40 44 71 73
04 17 21 39 76
04 14 72 73 74
05 15 18 55 78
21 26 42 50 54
18 38 40 68 72
02 21 34 47 60
21 42 52 66 79
03 06 08 36 66
07 21 42 43 60
03 16 19 22 38
15 52 66 71 78
01 56 60 68 80
29 35 38 43 75
08 10 31 32 61
20 23 40 42 47
45 58 71 73 79
13 18 40 52 70
01 33 47 60 64
04 07 28 29 78
09 10 15 54 79
14 15 20 43 44
01 15 31 58 74
14 17 28 39 66
07 24 54 60 64
40 41 52 71 72
12 52 54 72 79
12 25 26 33 70
11 26 30 61 80
06 10 17 19 44
08 39 62 76 78
10 24 41 56 61
18 34 36 41 69
07 10 28 62 78
24 38 44 50 57
03 18 21 53 66
12 21 42 54 56
29 60 61 77 79
08 25 26 47 78
23 30 54 57 67
04 30 33 39 47
23 24 60 67 69
20 23 44 52 69
34 51 54 60 66
13 16 45 64 78
24 27 44 61 70
07 16 61 66 70
05 42 44 69 78
22 39 56 64 73
36 49 62 77 78
31 34 38 58 61
18 31 45 61 71
07 11 18 40 51
10 19 33 39 78
05 12 16 47 58
18 32 41 72 76
02 27 33 56 66
22 28 38 46 68
35 42 45 63 77
18 23 45 56 72
08 17 46 53 74
03 19 27 58 66
04 08 10 34 70
18 22 32 46 72
05 41 56 74 79
33 45 48 73 77
26 33 62 65 67
18 21 42 56 75
09 39 45 52 77
26 40 42 74 76
27 33 48 55 76
44 46 65 73 74
10 36 42 62 70
03 10 23 32 51
04 19 29 33 70
04 42 52 56 73
08 12 16 40 59
02 14 16 34 54
15 25 51 65 70
07 31 35 39 45
31 40 44 51 80
08 11 29 35 55
13 15 21 45 53
08 11 18 49 79
16 25 30 62 73
36 37 38 48 78
01 29 35 41 59
20 32 33 43 74
20 22 29 39 50
41 65 74 78 80
18 28 39 54 74
09 27 30 50 57
01 10 13 31 42
02 18 46 61 74
09 26 38 45 63
09 18 21 32 52
03 19 36 46 64
12 24 28 31 70
12 42 55 63 64
15 23 43 45 78
28 30 36 55 78
19 22 44 55 73
01 07 31 46 60
04 06 15 29 32
05 38 49 64 74
10 22 26 70 74
09 31 49 56 72
26 33 41 46 49
21 23 24 28 72
02 04 40 64 78
05 33 34 48 68
05 07 45 48 68
11 22 24 55 64
06 34 41 48 73
29 33 36 64 73
40 48 54 61 66
03 04 10 57 76
23 42 57 58 78
07 23 33 53 77
13 48 50 73 78
03 26 29 56 59
28 43 47 53 73
13 37 40 47 57
11 35 42 78 80
37 44 66 73 80
04 06 08 27 46
10 18 35 43 62
05 18 28 53 59
39 46 51 55 70
28 33 34 41 53
26 40 42 53 76
11 16 17 43 63
08 39 51 57 68
09 13 14 48 69
09 12 34 41 46
16 19 29 30 73
10 52 56 66 73
25 35 36 40 71
04 12 26 54 62
02 42 44 49 63
22 36 53 54 59
26 29 37 75 80
10 32 44 69 77
29 56 65 68 72
23 32 40 46 55
02 07 25 30 67
10 12 25 31 70
12 28 73 78 80
22 31 45 47 70
10 25 53 61 67
07 11 22 48 63
14 25 28 51 63
19 40 49 73 79
05 31 64 68 73
05 29 36 50 71
09 16 41 70 72
13 20 24 42 43
10 30 41 56 69
02 14 17 29 47
22 29 39 56 80
04 24 47 49 69
18 34 40 50 51
02 06 07 29 30
30 38 48 50 64
06 10 21 45 75
06 16 21 32 50
13 18 20 35 70
19 34 38 49 70
14 39 46 51 76
02 04 32 53 80
06 25 27 37 52
10 11 22 39 72
20 45 59 69 80
24 26 40 42 55
03 35 53 58 68
01 16 56 64 80
31 32 38 42 64
17 18 24 26 69
17 18 41 56 78
03 15 37 58 68
13 21 22 65 77
08 18 43 55 75
10 12 13 35 74
17 20 41 52 70
11 25 36 59 73
02 38 42 44 59
17 32 49 51 67
26 28 52 58 79
16 30 39 56 76
03 39 47 54 63
14 23 34 54 69
03 12 44 46 49
03 15 36 43 47
03 09 13 19 43
01 06 21 31 49
25 27 32 68 80
02 35 36 53 59
16 40 48 58 66
05 17 20 54 78
01 05 52 54 64
03 12 14 64 73
02 03 22 61 69
12 19 56 72 76
06 27 46 54 59
03 17 30 52 64
19 36 44 60 70
03 04 34 47 65
01 26 31 37 49
16 24 32 33 61
16 18 31 56 74
27 46 51 57 67
04 41 48 55 59
04 12 24 39 69
27 36 53 54 69
18 27 46 61 71
02 16 44 58 64
22 42 61 64 72
06 19 34 42 52
17 28 35 38 56
17 32 53 75 78
03 31 50 65 70
06 11 41 43 53
17 37 51 55 61
09 19 49 53 64
08 30 34 37 44
10 39 43 59 71
28 36 38 53 57
28 45 55 71 80
22 25 47 51 74
13 31 51 56 69
16 25 49 50 80
07 11 47 54 61
36 48 61 62 79
20 32 38 40 72
15 23 25 48 49
22 44 73 75 76
33 51 56 66 67
02 05 18 45 70
14 17 19 36 37
05 21 43 58 74
03 11 14 16 22
20 45 52 57 74
21 34 41 71 75
16 23 24 37 79
06 19 28 44 79
10 23 39 49 55
29 40 50 63 67
20 42 45 49 64
26 35 71 73 80
41 45 50 59 68
40 46 59 72 73
01 15 33 48 61
07 34 53 61 77
32 50 59 77 79
36 40 46 51 78
14 29 41 63 65
02 21 44 46 69
06 27 51 70 79
02 45 59 73 78
20 31 61 76 79
32 41 47 61 77
05 28 52 55 69
03 22 28 35 45
15 38 48 54 70
40 46 50 73 79
02 15 30 61 78
18 36 49 56 79
02 16 36 39 52
01 12 20 24 62
04 09 64 74 75
05 13 14 36 69
08 13 40 72 77
33 36 49 65 78
06 10 28 47 55
12 46 50 52 68
07 13 19 27 61
11 32 55 67 76
07 11 25 50 67
04 14 23 45 70
04 18 25 57 74
07 19 31 45 55
08 16 37 64 79
01 09 23 50 73
24 29 32 50 74
19 20 22 33 39
42 49 55 61 69
42 49 51 57 64
08 22 28 52 58
14 33 34 55 78
24 41 51 60 73
41 49 52 56 74
17 26 28 36 55
08 39 59 77 78
30 39 56 70 72
14 26 51 62 77
16 34 49 58 59
10 13 36 38 50
05 07 13 66 79
14 20 34 73 75
04 13 18 46 47
03 07 21 41 67
15 31 36 47 76
18 22 31 45 79
05 27 28 35 40
24 37 40 44 59
03 05 13 37 45
19 28 44 46 54
02 38 74 76 77
02 05 13 39 55
03 09 54 56 61
11 14 32 38 41
19 27 35 49 78
11 13 24 64 69
31 38 39 51 54
09 29 35 55 70
06 31 39 46 52
16 38 39 44 71
10 24 48 57 77
46 54 58 59 70
19 32 49 56 73
15 17 44 52 69
30 59 68 72 75
09 24 34 52 55
04 20 42 58 66
09 25 40 41 61
04 19 30 39 62
07 34 60 61 66
15 18 19 70 79
12 14 26 66 68
04 10 14 41 45
08 23 46 47 59
01 06 09 49 75
11 16 20 62 75
07 11 66 74 77
06 38 41 75 80
03 38 56 64 66
04 13 30 49 63
14 36 42 67 80
05 54 57 67 75
01 15 39 41 55
26 29 34 43 79
07 26 44 71 80
15 33 40 57 60
30 41 47 71 78
34 38 41 56 62
08 16 28 63 70
23 47 56 77 78
15 20 40 71 72
08 50 59 72 75
12 23 32 43 59
02 12 35 55 56
46 50 62 69 70
21 39 76 77 80
06 23 43 65 70
07 18 30 41 69
11 16 41 67 77
43 59 69 75 77
05 13 46 47 70
06 28 29 39 50
01 16 25 27 37
10 27 45 69 71
27 35 41 58 59
07 68 72 75 77
01 25 35 43 48
34 39 41 46 68
09 10 67 74 76
25 26 53 55 73
11 32 38 43 80
25 30 34 49 66
09 18 30 54 75
07 48 53 62 74
07 11 31 76 78
11 32 43 58 61
19 35 42 54 65
02 11 42 60 62
18 32 34 48 65
09 19 28 46 76
07 23 65 71 74
11 18 43 72 73
02 42 51 53 59
12 13 21 53 77
31 61 65 77 80
31 37 38 49 67
05 16 24 61 65
36 39 42 61 68
13 22 41 42 71
08 26 38 46 74
29 32 42 52 59
03 25 28 51 70
25 33 45 66 79
13 28 44 45 66
12 29 44 67 80
12 27 52 57 69
11 18 34 39 55
15 38 39 48 79
02 54 58 76 79
14 19 37 46 61
01 09 14 31 70
04 07 14 34 73
06 38 50 66 69
06 07 31 52 78
25 31 53 66 80
03 25 31 44 64
13 15 25 42 77
16 26 56 72 80
28 41 55 56 75
07 30 60 66 77
10 14 48 49 73
07 40 53 54 77
02 17 50 61 70
24 30 31 41 58
11 14 20 24 70
33 39 65 66 71
18 35 48 63 65
14 29 60 61 62
02 11 42 54 61
18 22 61 68 72
21 24 38 73 79
07 08 13 18 24
13 31 52 63 76
26 64 69 71 76
08 28 34 60 65
01 23 31 41 60
15 46 49 61 64
15 19 55 59 74
17 28 30 31 69
04 09 28 33 38
18 25 26 47 70
12 18 52 63 75
08 22 25 43 46
09 32 61 64 75
04 21 56 63 67
14 17 60 64 69
05 29 44 66 72
15 30 39 67 73
11 38 50 61 80
22 26 29 47 60
19 34 54 61 63
06 18 34 37 57
19 38 41 53 78
08 37 56 58 63
18 34 37 40 55
27 43 45 64 67
16 32 38 45 71
35 39 40 42 71
24 37 49 54 57
04 19 58 67 79
11 43 70 77 80
15 52 62 65 72
10 22 40 55 79
04 11 36 58 75
01 04 59 74 80
02 18 33 56 79
22 43 44 64 68
14 17 43 44 57
29 57 59 77 79
07 08 13 49 65
16 32 59 73 76
07 10 28 62 78
03 09 42 53 69
08 11 25 48 61
25 38 54 61 71
03 19 34 43 61
02 04 45 46 51
14 18 31 78 79
02 43 56 59 60
08 42 45 47 63
12 20 64 69 77
05 14 65 71 73
09 24 49 70 72
05 32 34 47 78
01 07 14 43 68
22 32 37 46 70
13 16 23 40 49
08 43 49 54 71
23 32 38 49 74
13 48 71 73 75
07 12 23 38 39
12 18 41 62 67
13 14 32 54 60
28 31 34 39 70
05 26 39 51 53
05 08 11 12 62
01 52 53 57 80
27 33 56 57 73
36 37 51 54 67
15 27 42 60 63
03 23 55 57 78
09 19 40 54 73
21 57 65 79 80
02 25 36 42 59
08 25 51 58 75
01 02 10 19 60
19 28 31 53 66
28 43 63 65 69
13 24 29 38 43
17 44 51 61 63
16 24 37 41 69
02 14 22 35 66
41 44 47 63 69
13 26 33 39 56
01 13 17 25 73
06 16 37 52 71
33 58 64 69 78
18 46 49 61 76
04 30 46 52 71
09 44 53 73 76
24 25 35 37 70
33 40 51 59 79
15 24 53 65 66
35 36 50 63 71
26 33 48 58 77
13 38 40 64 71
04 09 20 31 38
17 19 48 50 66
14 37 58 70 79
02 06 50 56 80
12 25 31 48 79
10 49 53 57 62
12 63 65 74 77
08 18 30 34 76
02 16 31 55 61
04 11 38 39 51
34 44 55 60 63
15 16 27 50 64
08 28 70 77 78
10 12 37 38 65
34 36 51 69 70
07 19 22 40 73
12 29 33 62 74
42 45 53 70 73
09 24 39 49 64
03 25 44 60 69
41 62 70 79 80
12 27 40 58 67
11 21 31 40 41
03 13 48 55 68
07 08 10 45 46
03 27 47 66 76
23 27 40 72 73
11 23 33 52 70
29 38 71 73 78
24 31 39 60 72
19 43 52 59 74
03 08 36 44 63
02 15 22 25 74
12 27 28 34 49
02 09 41 53 60
10 20 36 58 60
15 56 63 65 76
05 14 39 57 72
17 35 55 62 77
07 49 51 64 69
09 15 23 41 67
11 32 40 43 57
01 25 36 50 62
34 50 60 71 73
08 20 59 61 66
17 20 21 42 48
29 53 58 61 68
07 45 56 59 61
26 34 42 64 78
46 52 56 60 65
31 44 49 70 80
07 33 38 58 76
13 32 42 59 69
44 45 46 49 67
26 33 44 50 79
01 17 34 40 46
09 25 33 53 68
10 17 18 24 40
01 11 25 33 79
35 49 54 64 68
08 10 11 14 50
07 17 40 58 73
01 11 23 53 67
16 22 42 51 57
01 21 28 70 79
22 23 26 45 63
04 31 38 47 78
25 49 70 76 78
28 49 58 63 76
12 32 38 64 79
01 21 33 46 76
02 23 40 43 66
19 32 37 44 69
07 23 46 63 67
21 25 33 37 55
01 22 33 42 52
09 38 52 62 78
16 34 41 51 54
22 32 37 47 51
13 18 39 65 71
24 33 41 69 74
03 17 29 61 75
08 23 32 40 44
08 14 33 37 73
09 14 32 41 79
10 17 34 51 63
14 20 28 43 48
18 22 30 47 52
15 20 28 31 53
06 33 49 74 75
05 44 59 74 79
12 19 22 31 42
07 10 29 37 63
09 18 20 53 70
10 35 39 57 70
11 16 23 32 59
21 30 54 66 72
04 17 18 27 56
05 23 47 50 61
07 11 34 47 74
05 06 17 23 45
18 28 45 52 59
03 16 36 55 62
12 19 44 68 75
10 25 31 32 54
01 05 14 24 25
19 22 35 44 45
03 20 40 57 60
35 49 56 75 76
13 15 48 49 80
03 29 65 69 79
07 21 23 29 52
37 40 51 64 74
07 31 42 46 56
46 57 62 76 80
15 30 43 56 58
03 17 21 25 39
17 22 39 58 75
06 07 39 41 62
27 45 46 61 75
10 36 48 71 77
15 46 55 59 69
19 30 47 54 55
04 09 20 35 80
12 16 27 28 78
08 15 16 44 56
14 35 37 57 65
12 28 51 53 67
19 33 50 53 70
14 20 46 49 80
02 16 27 30 56
01 32 45 52 72
06 20 44 48 76
09 40 47 48 53
07 19 36 43 74
25 33 40 54 71
06 13 18 21 80
04 08 15 20 32
19 42 63 75 78
25 29 34 59 66
04 22 49 53 64
03 09 48 59 79
03 23 51 73 74
07 43 53 59 72
05 13 39 47 63
22 25 30 57 63
11 35 56 63 77
07 24 26 28 72
07 10 26 35 36
01 09 50 61 79
02 25 44 45 65
07 08 36 57 67
16 38 58 64 72
03 05 16 32 38
09 52 59 62 80
01 02 03 27 65
26 52 72 74 79
04 12 28 30 43
03 36 40 52 76
06 22 28 45 71
03 14 22 46 60
05 47 54 63 72
06 21 33 34 75
01 09 27 69 78
15 27 31 56 63
06 40 56 66 71
07 15 19 34 52
04 05 18 58 72
05 14 15 25 73
07 22 28 41 53
01 26 64 68 73
16 29 62 64 73
09 30 52 59 75
03 07 26 66 79
02 18 23 54 73
11 35 45 50 64
24 32 51 61 63
09 18 38 71 73
05 09 50 51 73
03 14 20 39 68
06 13 29 48 76
09 11 28 39 47
06 23 25 33 38
27 38 44 65 70
07 10 11 39 47
02 28 43 44 64
03 10 14 21 64
07 17 29 42 43
01 36 38 41 74
03 24 53 56 63
16 40 55 64 70
14 25 32 53 67
03 11 52 56 59
27 37 56 66 68
19 20 25 52 55
03 05 26 38 62
22 25 45 56 72
31 33 48 68 80
10 15 17 63 67
08 14 28 63 64
04 18 27 38 47
12 16 49 56 67
03 11 32 37 53
12 22 27 28 77
30 49 56 57 74
24 57 67 69 77
18 21 32 38 54
18 28 30 45 70
07 10 59 65 79
06 09 49 57 77
19 31 35 60 79
04 08 18 19 31
10 37 41 47 78
09 18 29 69 80
05 33 43 53 67
12 30 44 50 79
09 48 51 65 80
15 52 61 67 68
08 19 30 33 49
21 29 40 62 73
01 13 31 49 56
18 47 70 74 80
07 16 49 52 73
19 30 40 60 75
18 44 66 74 75
12 51 54 60 61
21 32 48 54 61
13 35 48 49 53
13 19 34 54 73
12 25 27 34 76
12 14 16 43 44
23 42 50 61 80
08 38 39 46 76
13 32 53 60 69
03 50 66 67 70
02 52 53 70 77
13 33 60 75 76
35 64 66 70 79
10 21 52 58 64
12 27 46 48 79
15 30 31 49 52
31 38 43 44 79
20 30 34 35 65
23 30 36 39 40
20 22 38 45 53
27 33 37 53 60
06 35 50 57 58
19 52 57 74 79
02 39 41 51 73
05 20 27 70 80
15 24 30 57 67
05 13 26 54 67
01 21 28 44 48
05 06 22 28 31
17 39 48 56 75
37 44 54 62 64
24 41 52 56 76
38 44 46 72 80
21 23 37 50 55
34 39 47 75 76
11 25 40 48 73
47 52 53 71 78
15 26 51 58 65
02 12 20 47 55
24 40 52 57 62
01 20 44 66 77
09 12 52 65 78
07 08 17 47 55
03 26 63 74 76
04 05 14 28 40
16 29 44 57 70
03 35 40 61 77
05 19 43 77 80
04 08 52 59 67
01 14 42 44 56
38 57 66 72 77
01 07 09 39 80
56 59 65 70 71
09 27 38 48 57
11 12 17 57 74
27 38 48 58 75
21 23 37 69 73
31 34 36 58 62
01 06 38 65 70
17 37 53 71 76
11 17 26 48 56
20 43 47 62 74
19 30 35 48 76
25 38 57 69 78
17 36 67 69 77
26 32 45 62 77
15 17 18 25 44
18 29 35 63 68
36 50 55 58 75
01 02 04 06 28
04 17 19 51 62
07 15 45 53 66
01 07 28 48 73
11 29 36 38 67
05 16 34 40 73
04 19 48 76 80
01 17 47 68 71
02 12 14 16 29
27 44 45 56 71
16 26 36 41 78
01 12 49 55 76
09 30 38 56 76
12 14 26 27 75
06 28 32 51 80
06 11 43 46 58
41 58 61 66 80
07 10 32 54 59
10 31 37 61 74
03 25 30 32 62
17 31 51 60 74
17 50 69 73 76
20 40 59 68 80
11 46 49 60 71
12 33 51 60 80
11 29 42 63 72
03 33 44 77 78
18 35 37 50 54
08 22 48 59 76
03 16 32 37 50
01 21 46 56 79
02 28 51 53 77
12 36 38 50 53
06 18 42 56 72
15 23 25 29 71
14 22 24 59 72
16 25 27 33 74
14 35 53 64 77
21 22 40 51 74
04 27 44 61 71
13 16 18 21 36
01 09 51 59 74
27 32 54 57 80
04 06 35 64 65
02 03 45 49 60
03 07 10 23 43
01 20 40 42 75
42 54 55 70 74
09 16 20 34 53
15 20 23 78 79
01 03 18 46 64
24 25 34 50 65
53 57 62 70 78
06 07 09 36 45
07 12 36 39 50
17 23 52 70 71
03 10 35 47 59
05 06 12 50 61
02 07 09 27 59
42 56 61 76 79
32 34 52 68 73
10 25 33 43 68
18 21 23 54 74
03 04 07 14 39
01 21 33 39 48
22 26 34 39 40
02 08 36 45 64
27 28 50 65 76
12 19 33 44 67
07 10 18 57 74
28 30 54 67 74
06 29 36 44 68
29 46 53 63 68
01 14 49 71 74
16 26 37 40 62
13 14 16 21 69
10 27 29 61 66
09 28 34 40 42
06 16 31 36 53
03 22 42 71 79
28 48 50 64 71
07 30 51 52 69
44 46 53 59 65
08 19 20 28 34
11 25 29 52 53
06 17 31 40 66
25 52 53 58 78
01 21 50 55 68
10 20 29 65 76
17 20 43 68 74
04 41 49 55 80
04 42 67 74 75
05 34 45 49 58
05 06 55 70 73
04 69 70 72 80
02 13 27 78 80
11 28 60 61 71
02 18 64 67 77
07 13 37 56 64
09 23 56 64 73
25 46 52 61 74
20 48 50 75 76
23 41 46 53 71
16 18 46 56 80
02 20 39 53 60
05 10 21 51 58
26 32 38 68 72
13 17 23 49 71
13 22 29 68 72
15 52 55 62 79
13 15 25 39 44
03 14 22 32 41
03 11 24 54 65
14 21 33 34 45
07 22 23 50 76
39 51 57 75 76
08 27 44 66 75
21 28 51 65 69
26 37 39 66 71
23 25 29 52 55
32 63 66 76 77
13 61 65 67 79
02 10 29 33 54
16 19 21 23 32
06 21 22 52 74
03 35 39 63 69
24 26 37 48 71
04 06 18 40 74
11 46 55 75 78
21 38 52 60 66
07 21 54 62 77
08 14 43 65 76
20 37 46 61 74
43 51 75 79 80
09 50 63 67 76
05 50 56 60 62
03 05 22 30 60
22 61 63 66 80
16 25 27 28 69
05 08 31 32 41
02 04 55 60 65
22 34 36 42 62
02 16 32 63 67
30 35 49 51 69
17 60 67 74 75
25 27 55 61 69
14 26 36 37 69
14 26 51 55 64
17 27 35 54 76
27 29 34 64 73
49 55 56 68 71
27 34 35 42 62
03 28 41 58 75
14 27 41 68 78
07 60 62 67 74
12 23 50 52 55
19 23 32 38 61
17 24 50 56 66
16 34 37 42 70
18 41 58 62 73
10 21 43 64 68
03 24 27 58 69
45 69 72 77 79
19 35 38 39 78
03 19 32 59 63
17 26 31 33 63
08 41 56 65 74
31 32 34 54 59
37 46 49 62 73
10 19 24 34 72
05 13 14 34 63
38 46 50 65 69
03 11 19 31 39
10 14 32 53 61
26 37 61 67 71
03 24 48 52 71
05 07 12 16 66
01 10 36 62 64
04 09 31 40 58
07 11 21 51 58
03 13 17 47 60
06 37 43 61 62
07 71 73 76 79
19 21 64 70 72
03 31 47 77 79
06 14 18 71 73
03 27 30 33 59
10 27 30 72 78
08 23 50 65 73
14 19 32 37 45
12 13 51 67 73
16 37 54 68 77
04 07 19 35 56
21 29 46 59 76
01 05 52 53 71
28 43 56 57 77
02 43 45 64 68
06 20 21 46 63
09 24 28 31 45
22 29 38 58 62
20 33 48 69 70
09 44 46 57 59
06 21 31 37 64
01 20 23 25 49
30 60 65 68 75
05 14 15 66 68
09 33 48 67 73
01 27 29 36 73
29 60 64 72 79
11 16 23 44 48
22 29 34 42 51
37 38 57 67 79
12 18 37 47 56
18 22 27 74 75
03 15 30 56 72
15 26 30 44 69
20 33 62 63 69
02 31 41 43 44
12 21 27 45 75
07 09 19 45 80
09 14 16 52 71
20 25 57 67 78
13 29 41 61 74
08 25 42 60 63
04 11 24 25 32
02 27 35 44 55
42 50 52 66 72
07 12 29 54 55
12 30 48 70 75
05 09 41 64 67
02 10 11 15 66
05 14 31 38 75
22 23 42 54 65
12 24 26 39 40
08 16 18 22 73
32 33 43 46 52
01 18 52 67 72
12 18 21 31 69
02 08 40 55 60
16 24 42 71 75
14 27 39 48 61
15 21 56 79 80
06 51 53 54 57
32 43 50 57 75
14 52 54 65 77
13 23 37 56 80
13 14 37 66 75
09 19 24 59 61
02 53 57 62 64
10 28 60 62 74
13 18 43 47 53
19 25 63 74 77
13 32 56 73 74
18 34 38 40 43
05 09 12 23 71
17 24 47 49 66
14 18 59 60 64
04 12 63 78 80
10 13 22 50 66
10 11 12 23 37
08 20 64 68 73
02 08 12 53 54
19 22 53 69 77
07 39 48 58 62
02 16 19 26 27
14 23 26 56 77
07 11 24 42 49
16 20 34 56 57
02 21 38 54 73
10 20 44 58 65
12 14 42 61 69
31 41 75 76 79
15 42 54 68 76
01 19 27 36 57
01 21 27 48 78
01 19 50 52 54
02 03 30 39 72
20 21 43 45 67
03 07 45 46 65
20 30 36 48 53
12 16 53 64 66
05 23 50 65 67
12 27 28 30 36
33 36 56 58 60
02 09 17 66 76
04 16 17 35 49
05 06 16 54 70
04 50 51 52 77
06 43 50 63 71
01 19 59 65 80
04 06 27 68 74
11 25 29 42 66
07 30 33 52 69
08 16 32 74 79
02 32 40 53 54
11 25 49 51 53
18 29 37 51 57
13 49 57 67 78
03 20 27 32 61
01 08 13 53 61
17 20 30 33 68
13 34 55 64 80
13 31 45 56 63
35 42 55 60 78
04 18 55 57 74
02 19 50 59 69
06 09 27 43 65
03 23 58 62 74
04 27 46 53 55
41 47 49 70 74
06 17 49 65 70
12 23 39 54 72
27 55 66 73 75
05 25 52 57 62
16 61 65 72 78
07 52 68 69 76
05 23 36 67 70
66 73 75 76 79
03 25 60 62 75
25 43 52 59 75
11 40 50 74 78
03 12 24 36 40
27 54 63 71 77
19 25 32 68 71
20 35 37 42 71
34 41 50 67 77
31 49 52 63 71
05 18 24 43 48
12 14 60 66 68
13 21 32 33 66
40 42 48 64 69
06 39 41 61 64
02 20 26 42 79
04 10 15 42 45
10 19 39 52 66
20 39 72 73 76
10 18 22 31 73
30 49 72 78 80
02 03 27 64 65
02 07 57 59 76
05 18 21 41 71
15 33 39 76 78
05 14 31 41 49
02 18 31 38 49
05 07 21 28 70
11 12 57 59 69
09 26 31 36 65
42 56 62 65 79
44 52 54 56 60
17 45 64 67 69
21 31 44 65 74
09 23 31 60 80
43 51 54 69 73
12 13 14 56 60
20 23 31 35 76
08 26 28 29 30
05 36 39 70 78
10 15 22 55 79
02 29 46 69 76
09 44 57 67 68
01 15 63 72 77
07 09 11 25 75
05 15 38 48 77
13 16 31 39 70
12 21 42 60 66
06 29 40 63 72
01 14 26 34 72
11 24 63 64 69
02 25 54 63 66
44 52 60 64 68
13 33 38 39 72
01 28 56 65 79
17 33 52 60 76
20 32 49 54 62
04 15 44 64 73
05 16 26 28 62
09 21 37 42 68
04 45 54 65 67
19 44 53 54 71
27 57 60 61 77
05 15 32 33 48
13 30 58 63 64
25 45 60 76 79