17 31 34 40 56 57
23 36 42 48 54 58
08 09 17 19 33 56
05 12 32 38 47 60
11 14 36 41 54 59
20 34 38 40 49 54
01 32 35 44 45 57
01 08 21 27 36 37
04 06 09 31 50 56
10 15 17 20 21 35
02 17 23 28 39 46
20 33 37 38 49 50
02 07 32 46 49 55
01 40 44 45 58 60
22 30 38 39 49 56
15 18 28 42 55 60
05 13 18 23 35 36
08 23 29 30 36 55
08 33 40 42 48 51
05 28 30 38 52 55
22 35 41 42 53 57
01 10 19 34 35 45
02 03 13 20 53 54
03 08 23 29 53 54
02 07 24 43 52 56
11 16 31 37 42 51
03 16 23 41 45 57
08 11 16 21 32 37
16 17 18 28 35 47
15 24 33 49 53 59
15 40 44 45 47 51
10 19 46 47 49 50
28 34 40 41 52 55
21 38 50 53 56 59
09 14 22 24 44 47
10 14 15 24 34 44
08 10 51 56 57 58
13 26 31 46 51 60
02 06 11 15 17 39
14 20 21 31 49 52
18 30 32 35 40 48
13 19 29 42 49 52
01 13 27 41 51 58
11 25 32 37 47 56
15 17 20 35 37 43
01 05 12 13 17 31
02 07 09 25 41 49
09 41 42 46 47 54
12 15 23 32 33 46
02 08 34 38 47 51
04 11 19 25 37 55
01 19 41 46 48 55
05 15 28 32 38 54
05 22 30 32 33 36
01 02 14 28 40 51
08 09 32 52 53 57
07 29 38 40 44 52
08 11 22 25 26 36
19 26 39 45 46 56
11 37 53 55 56 60
03 09 25 28 29 39
03 19 25 37 44 56
05 11 24 27 32 57
10 31 38 46 49 54
03 16 17 37 38 53
16 18 38 48 51 60
02 07 10 20 30 46
02 03 32 35 48 57
05 08 29 39 44 60
10 35 43 48 50 53
02 11 19 27 57 60
03 07 10 11 27 46
06 07 11 26 37 57
10 12 26 29 35 60
04 05 06 14 29 38
03 22 37 40 41 48
09 16 34 36 49 60
07 26 29 34 43 44
07 10 27 35 43 59
02 29 39 49 52 58
04 29 30 38 43 57
13 17 31 43 54 55
08 12 29 43 54 60
21 38 48 49 53 59
01 19 35 40 47 54
10 12 14 32 33 34
06 22 25 29 30 60
08 11 13 33 38 48
09 21 25 26 36 53
27 35 42 44 51 52
08 17 30 36 54 59
06 14 20 39 46 48
02 03 25 39 42 49
04 11 12 44 45 57
05 16 25 36 42 44
26 27 28 32 38 51
11 15 23 25 34 53
05 08 13 27 36 50
09 13 20 22 32 56
16 30 37 39 40 51
08 30 33 37 45 48
08 26 30 31 38 48
11 13 16 35 49 50
12 24 32 37 43 60
09 13 22 25 26 31
13 15 16 20 40 41
06 09 19 38 53 55
07 23 32 41 42 47
11 16 20 24 39 53
02 08 26 32 46 56
11 37 38 41 49 54
05 18 29 35 43 44
12 14 17 18 19 22
02 06 44 46 53 58
12 13 25 37 39 41
23 24 26 44 49 60
03 19 25 44 46 57
04 15 30 36 39 48
07 31 37 42 44 56
04 09 17 19 37 60
04 07 13 25 36 58
05 23 29 34 53 60
04 27 33 35 38 41
01 17 28 37 44 50
20 33 42 44 51 56
06 14 24 34 39 58
03 20 22 32 35 50
14 21 22 29 35 46
10 15 21 24 29 45
31 32 39 42 43 51
05 09 11 16 43 57
19 28 30 34 40 51
03 10 25 36 51 58
07 30 31 41 50 56
06 18 25 30 42 54
03 19 34 41 48 53
09 17 38 41 49 55
19 22 35 41 47 49
25 28 29 34 41 45
05 10 25 32 49 54
02 03 07 48 51 54
08 09 17 30 58 60
03 04 11 40 42 58
07 16 19 22 28 55
11 17 25 38 52 57
04 31 42 45 49 56
17 20 24 27 40 60
04 09 31 32 42 46
16 21 28 41 49 51
04 18 29 47 48 59
08 21 23 34 42 47
02 09 34 49 51 55
08 10 20 27 28 50
09 18 23 42 47 49
04 13 20 22 25 60
09 16 31 41 53 55
12 33 35 36 44 52
11 13 16 36 53 57
17 20 22 35 41 42
12 14 28 42 45 55
08 11 14 39 48 53
30 37 45 54 57 58
10 16 27 34 36 57
33 34 37 46 52 60
02 16 19 31 43 60
20 27 35 39 50 59
02 05 10 29 34 41
14 25 28 41 43 46
06 30 35 39 42 48
06 17 25 35 40 49
28 44 52 54 58 60
03 08 30 33 35 48
02 11 43 49 52 56
01 10 17 26 30 53
06 07 28 42 45 49
03 20 26 45 49 58
03 27 39 46 47 60
03 05 09 35 43 60
13 17 28 29 42 53
09 11 29 30 33 60
09 13 26 38 58 60
16 33 38 46 53 55
03 19 28 33 57 58
07 16 22 38 55 57
12 21 29 54 56 57
03 07 17 20 48 50
18 22 25 27 43 44
17 18 35 36 47 52
09 21 37 39 43 54
02 03 19 40 44 60
13 17 21 31 41 49
20 22 35 40 41 59
01 06 21 29 36 59
06 13 26 28 35 41
09 15 20 33 41 43
01 02 10 37 42 48
06 16 18 33 42 57
12 26 31 36 37 49
05 18 36 44 57 60
06 09 34 37 38 45
02 26 35 39 40 56
02 04 06 29 41 56
09 21 30 41 42 43
01 07 10 12 33 42
04 10 12 14 36 46
04 24 37 43 59 60
12 27 30 36 45 52
14 27 35 40 50 55
28 29 31 50 58 59
05 12 14 20 27 28
08 17 34 37 43 45
10 22 23 37 53 60
05 15 18 27 49 57
02 04 25 36 50 53
08 11 17 33 40 55
15 16 20 38 40 58
02 05 11 24 41 49
06 10 27 28 41 52
14 16 38 39 41 48
01 11 14 23 29 55
04 13 23 28 30 52
20 32 33 48 49 53
10 23 31 37 58 59
14 20 23 39 46 50
02 03 08 19 29 37
09 24 33 43 49 57
07 08 14 23 30 46
07 23 26 27 29 51
12 14 34 35 37 47
20 27 41 54 56 58
01 05 07 14 23 26
18 21 30 31 34 51
09 10 30 37 47 54
15 20 39 41 49 57
04 09 24 44 47 56
31 32 33 39 52 55
01 17 30 37 46 50
05 15 22 26 54 58
27 33 39 52 57 58
04 09 31 47 49 53
09 15 20 29 30 42
01 42 44 47 48 53
05 09 24 27 33 46
11 14 15 18 33 34
03 05 11 34 37 42
14 18 28 35 38 54
05 09 18 24 25 42
01 13 18 26 40 56
07 09 10 19 25 58
07 27 31 39 45 46
11 36 45 55 57 58
11 20 27 28 53 60
07 20 38 43 45 53
14 18 30 35 55 57
04 21 27 29 42 47
04 06 32 35 41 45
07 08 31 34 38 47
04 13 25 40 53 57
07 17 26 39 56 60
06 11 29 40 41 58
09 19 23 32 39 45
06 09 12 27 32 57
02 04 07 16 30 38
01 32 37 44 46 47
16 23 32 50 52 58
02 26 40 42 49 56
13 14 29 30 48 59
05 23 34 45 56 57
03 35 38 40 57 58
08 28 36 45 57 59
06 16 22 38 48 52
10 14 16 30 32 36
10 24 42 43 48 49
01 19 21 23 33 43
04 10 18 30 34 47
05 07 10 32 46 60
23 26 51 52 53 58
27 36 40 41 44 54
11 17 24 25 33 34
22 25 28 32 33 47
16 25 30 40 45 49
06 10 11 43 53 55
06 27 38 42 45 57
12 21 28 37 42 57
01 28 29 32 35 56
17 34 46 49 50 57
11 29 37 38 43 60
03 13 23 41 49 53
11 15 28 36 43 55
15 23 30 35 38 44
01 11 34 36 44 56
03 11 29 35 44 57
01 25 27 28 41 56
14 24 32 38 46 53
08 16 20 21 31 34
07 08 22 27 29 42
07 16 37 53 57 59
04 08 26 33 46 53
05 09 20 25 35 53
04 11 16 22 29 33
02 17 21 28 51 60
10 11 16 21 46 50
12 18 19 27 41 46
09 18 19 22 42 47
15 36 45 51 52 59
13 26 30 34 43 51
19 22 39 46 47 59
01 08 19 33 36 48
10 12 16 21 28 38
02 13 24 35 50 54
02 16 21 42 50 56
09 11 14 31 48 51
08 23 25 39 43 44
07 25 32 43 53 55
10 15 34 36 56 60
02 09 42 44 48 50
09 24 28 37 43 57
12 13 19 36 44 55
10 21 24 36 38 51
07 34 45 51 54 59
01 04 25 27 29 37
27 37 38 43 45 54
03 19 34 44 56 58
05 37 43 49 54 56
16 17 25 47 48 58
08 18 20 24 36 45
11 16 22 30 34 42
08 09 10 24 42 44
01 19 46 47 49 53
14 26 35 38 45 53
09 27 35 45 46 59
31 33 34 35 39 48
01 06 23 26 39 49
02 06 27 37 44 47
07 25 41 47 50 53
08 13 28 31 32 33
26 29 36 49 50 59
02 14 18 29 36 38
23 24 26 38 42 49
21 23 37 44 46 48
08 15 32 33 58 59
17 19 37 41 42 49
16 18 31 39 42 44
06 08 28 51 53 59
07 16 21 33 55 60
02 12 35 51 57 58
07 40 44 50 52 57
10 11 17 19 37 41
17 20 26 36 42 54
14 23 29 41 57 58
04 13 14 21 30 34
01 02 11 12 34 49
01 08 11 22 30 35
09 23 28 40 48 59
06 21 34 46 54 59
19 20 26 51 52 57
05 18 30 35 39 60
02 03 06 18 20 28
13 16 36 53 54 55
06 12 31 32 46 60
11 16 24 46 54 55
01 07 28 30 44 46
07 12 24 27 39 58
01 31 44 46 53 58
02 11 20 31 43 47
14 15 47 50 56 59
03 11 15 21 27 49
08 10 17 29 37 40
13 20 24 25 38 41
19 21 26 31 42 49
11 12 20 40 41 46
04 28 29 30 43 52
01 09 19 21 34 54
04 19 27 35 40 44
17 25 30 35 42 57
11 14 21 25 46 50
17 39 43 46 52 53
01 41 44 46 54 58
05 10 12 18 25 33
04 12 16 34 44 49
19 22 29 41 44 59
08 38 44 50 56 60
03 27 36 39 40 43
11 13 16 24 31 46
02 10 12 27 45 56
03 13 40 44 46 50
04 06 17 34 51 57
02 08 18 37 56 58
01 10 11 13 35 49
05 15 20 27 30 58
02 08 18 27 38 60
09 24 28 45 49 51
06 11 13 19 24 51
16 29 35 43 49 56
04 16 19 31 33 44
08 14 27 34 52 54
11 13 15 17 22 27
10 11 12 37 38 59
08 11 18 37 40 51
05 10 32 38 48 49
03 14 24 27 38 56
02 18 19 23 34 53
04 35 43 46 47 53
12 21 25 37 38 49
07 20 26 37 38 39
01 18 19 33 56 60
06 25 33 42 48 49
13 18 35 40 41 42
10 22 40 46 55 58
01 02 14 37 55 58
02 11 15 30 36 39
13 16 26 35 37 39
05 06 12 15 22 43
07 09 23 33 57 59
08 18 23 37 42 58
12 15 18 30 52 55
10 12 13 20 22 54
24 33 34 35 46 60
05 26 27 34 42 48
03 17 34 35 40 48
03 05 09 40 42 47
02 11 13 26 32 59
06 25 27 35 45 55
04 11 20 30 37 43
10 14 36 53 55 60
06 10 19 24 25 29
08 10 15 23 25 34
33 36 40 44 45 54
08 09 11 25 39 41
04 05 36 40 44 56
04 19 23 29 56 59
10 13 20 37 38 54
18 22 29 34 36 47
06 25 35 43 46 53
04 07 12 22 26 39
12 22 27 37 40 55
50 51 56 57 58 59
01 05 06 37 44 53
08 31 32 33 38 50
10 19 27 31 51 53
10 19 26 35 38 39
01 18 19 29 44 54
03 06 11 27 28 46
15 25 27 45 46 50
07 14 47 54 56 60
21 38 53 56 57 58
14 22 29 32 33 35
10 12 22 25 42 54
06 09 41 54 56 58
06 12 22 28 31 44
06 25 26 35 38 40
14 16 23 30 45 60
07 08 19 23 27 58
30 35 36 38 49 52
06 07 13 17 22 56
10 18 33 38 40 43
06 14 19 20 39 53
18 23 37 39 50 55
04 27 38 40 58 59
06 15 18 33 37 40
07 11 24 36 42 58
11 15 29 37 39 44
10 23 31 33 51 52
04 24 46 52 55 56
16 20 23 29 35 47
01 06 07 08 23 56
04 28 45 48 52 60
07 14 32 37 40 60
02 36 46 48 57 60
23 41 46 52 54 59
11 22 25 27 55 59
02 10 11 24 38 56
04 11 17 18 21 48
17 18 27 32 39 58
16 32 40 46 53 56
06 23 30 36 53 56
08 11 27 35 36 51
02 28 32 35 54 58
08 10 18 34 39 56
01 37 44 46 48 50
22 27 33 42 58 59
04 14 39 41 54 58
01 09 14 20 25 54
11 19 22 33 34 53
01 05 14 23 35 45
28 34 40 43 50 51
04 28 30 38 46 59
20 22 36 42 52 60
03 06 10 17 34 37
15 37 38 42 49 50
08 21 24 25 52 57
01 07 14 31 35 46
07 20 21 24 40 56
14 26 29 35 37 39
02 05 12 32 40 44
06 17 33 48 50 57
05 11 13 21 53 54
19 20 28 34 36 44
11 24 26 34 37 59
15 22 30 32 40 58
05 10 39 42 46 54
10 14 31 34 45 58
23 36 43 44 55 56
09 28 29 34 36 55
21 29 32 35 43 50
05 06 10 14 22 36
04 14 20 24 46 50
06 15 19 37 39 53
12 16 17 18 34 37
22 23 29 32 38 45
02 06 22 44 55 57
03 16 28 32 34 37
12 14 19 25 52 59
08 11 24 26 47 57
04 19 27 38 54 57
01 12 16 17 52 60
09 16 20 54 57 59
04 10 41 44 52 54
05 10 18 24 39 52
08 20 30 32 48 59
35 36 39 44 48 52
13 30 32 39 46 54
10 13 19 32 40 60
26 28 35 38 48 55
02 27 32 36 48 50
04 05 07 34 42 60
05 06 15 25 39 53
17 25 26 30 32 50
01 18 25 37 39 43
08 21 27 35 43 56
15 20 22 24 34 55
02 14 22 23 29 47
05 08 20 28 40 45
15 27 33 36 41 45
09 25 33 35 40 49
09 26 29 42 43 45
09 21 36 38 52 53
14 16 19 21 33 55
10 21 32 34 48 57
01 06 14 22 30 56
12 20 24 28 33 57
08 33 40 52 55 59
04 06 39 44 52 60
04 08 10 21 45 54
08 09 39 47 57 59
09 11 12 30 39 43
06 18 20 24 43 48
01 09 24 38 48 49
09 13 16 17 36 47
07 24 29 39 45 52
10 16 32 40 42 54
06 10 24 29 43 55
03 12 24 40 51 52
01 03 10 17 23 24
08 23 35 39 56 59
02 14 15 19 35 59
10 16 21 29 44 55
02 08 09 15 22 34
04 17 18 37 52 56
03 10 23 36 43 52
10 26 28 51 53 59
05 11 13 19 30 31
02 03 14 20 30 46
01 17 38 43 45 47
12 16 30 52 53 58
09 34 42 45 46 59
20 22 36 38 41 43
10 15 16 19 28 35
25 31 33 39 43 45
11 28 37 45 54 60
16 17 20 22 38 50
04 21 25 33 36 46
03 09 18 23 50 52
02 20 21 33 48 57
16 29 33 39 42 44
04 14 17 43 52 56
10 13 33 35 36 42
16 18 23 30 32 33
06 09 15 22 39 48
11 40 43 45 47 57
04 10 13 23 27 57
03 25 35 38 44 48
06 27 33 39 40 60
29 35 43 54 56 57
12 15 18 21 51 56
09 10 15 28 43 45
02 07 09 18 21 25
11 12 26 30 37 53
08 11 27 28 43 46
20 23 35 36 44 48
12 34 45 53 55 58
09 22 25 47 52 58
03 06 14 15 21 25
02 03 05 10 15 34
21 31 35 53 54 57
16 17 19 28 45 58
06 17 22 30 37 50
01 03 19 23 47 58
05 11 22 24 51 53
16 23 25 28 30 44
01 10 17 18 45 48
11 23 34 41 46 56
03 07 15 40 45 54
07 14 18 23 32 59
01 04 23 32 38 59
16 27 28 47 59 60
09 10 19 35 37 41
03 10 30 44 53 56
05 16 19 37 51 56
05 10 20 57 58 59
12 16 26 40 56 57
13 16 23 24 32 35
07 18 39 41 44 51
01 45 47 52 53 55
10 28 37 43 44 47
05 25 28 41 53 54
11 13 25 39 46 56
03 11 17 33 52 58
18 20 30 32 33 40
11 23 24 26 40 52
01 05 23 25 28 31
03 10 17 21 22 43
14 17 36 38 44 60
01 05 31 32 37 42
04 05 14 37 40 60
16 23 45 56 58 59
02 08 35 42 49 56
02 04 09 35 45 60
10 30 36 40 44 60
01 13 14 21 26 51
22 28 30 33 55 59
13 23 25 35 52 53
02 09 14 22 32 37
06 10 15 24 38 39
25 30 31 34 43 59
01 02 34 39 41 45
13 17 29 45 49 50
08 18 21 22 35 37
23 24 32 38 40 41
03 05 11 27 35 44
09 40 41 50 55 58
01 06 45 49 50 57
06 24 26 30 34 49
03 09 13 29 30 51
03 04 37 39 48 50
08 26 28 33 41 54
16 18 22 24 34 43
03 06 13 38 49 51
15 17 33 41 47 48
07 22 28 32 56 58
05 08 24 30 57 59
41 44 48 50 54 57
08 15 18 45 59 60
08 28 36 47 50 58
02 17 22 24 48 51
02 03 07 16 27 42
14 34 46 47 56 57
15 27 28 32 48 55
03 07 29 37 54 60
07 13 24 30 32 53
06 11 32 40 48 59
26 33 42 43 53 54
17 19 32 43 48 51
10 11 21 50 51 54
05 06 12 19 30 60
04 09 21 34 54 59
01 22 26 43 50 53
19 22 31 36 52 53
03 19 23 27 40 45
17 18 26 30 33 37
02 06 10 15 53 56
01 04 26 39 47 55
05 10 12 22 28 46
08 11 25 39 41 60
09 11 27 46 51 53
09 11 13 15 19 51
20 23 32 34 37 45
05 17 32 35 37 57
01 10 25 43 50 56
09 12 23 24 46 54
02 14 20 25 41 45
01 15 16 22 25 43
11 20 35 42 55 58
17 22 27 31 49 57
20 21 28 48 50 59
04 08 29 38 49 50
02 06 13 14 17 44
06 19 34 43 45 54
06 11 16 19 31 56
01 03 04 39 51 53
02 09 23 28 45 53
02 13 14 35 54 57
22 23 34 48 53 54
30 42 47 50 55 58
01 05 34 37 40 60
13 14 22 54 56 58
02 16 17 18 41 47
12 18 46 50 53 55
11 13 26 27 28 50
06 25 43 57 58 59
03 13 42 45 56 59
01 05 13 25 26 29
02 06 08 21 25 34
05 11 27 41 42 54
04 15 26 30 54 55
04 06 16 18 21 38
06 18 34 47 52 57
01 08 22 49 52 53
06 20 22 31 33 34
12 25 30 39 56 57
04 10 38 40 45 48
04 19 38 44 52 55
10 11 14 19 39 48
02 18 31 42 51 56
01 12 20 30 52 60
15 30 39 41 45 59
12 19 27 39 41 45
02 20 27 28 32 38
11 26 27 30 34 41
32 37 44 47 54 60
05 07 11 34 35 50
16 26 35 39 44 45
22 23 41 46 53 60
01 06 28 37 56 58
06 07 29 39 41 55
09 12 15 21 31 36
26 32 42 45 55 59
09 10 36 50 53 55
10 24 25 36 47 48
02 14 21 22 51 60
06 11 16 23 36 42
13 25 28 37 43 56
06 13 14 28 35 45
02 05 08 18 30 48
20 27 30 31 40 53
08 15 29 35 45 54
09 36 37 53 55 60
15 22 23 42 51 57
15 17 20 31 41 48
03 13 14 29 33 43
02 10 13 41 49 53
06 33 34 48 53 59
06 18 37 40 41 58
09 13 18 47 52 60
09 12 14 29 42 56
04 10 29 31 34 35
11 19 21 23 27 52
15 18 20 32 48 49
10 15 25 38 47 53
09 10 17 32 34 46
12 28 37 46 48 53
05 08 42 50 51 59
12 13 24 29 32 41
06 16 33 34 45 46
12 17 25 29 41 52
03 05 09 14 41 46
25 34 38 45 53 60
05 18 27 43 49 59
01 10 17 24 42 51
07 14 23 43 44 53
03 08 28 39 42 59
04 06 19 20 40 41
03 10 42 49 54 57
16 18 26 30 31 34
27 33 37 39 58 60
14 27 30 46 52 60
09 23 39 41 49 58
04 12 19 33 36 38
18 23 31 39 49 57
01 22 31 34 44 54
04 30 31 32 47 53
02 09 16 37 44 58
02 25 36 41 42 53
16 20 35 40 53 60
02 08 24 36 51 52
03 10 16 23 27 29
02 12 19 29 50 59
22 26 38 39 45 50
07 21 28 56 58 59
07 19 30 35 42 47
17 29 32 38 45 50
07 16 20 27 36 52
12 31 34 36 48 56
25 27 29 37 50 51
01 07 11 32 51 59
03 23 26 35 39 49
17 19 33 35 39 52
03 09 18 32 40 56
15 18 41 48 50 58
01 06 10 30 33 38
11 13 24 28 44 45
08 23 30 51 53 58
01 12 17 31 37 46
24 36 38 43 44 58
20 29 34 37 45 57
05 15 18 19 21 38
11 13 14 27 44 56
01 10 24 39 45 58
21 24 26 35 45 53
02 05 13 27 41 53
18 23 30 32 42 56
15 24 37 46 49 58
09 14 37 44 46 55
03 18 31 39 46 51
09 12 18 31 39 50
04 12 32 33 34 48
07 13 35 37 39 51
01 06 08 11 33 50
23 37 38 46 47 51
01 02 27 28 46 47
09 11 17 19 35 52
10 15 28 33 51 52
01 02 11 37 48 51
03 18 34 35 36 56
22 30 42 50 58 59
05 10 23 24 35 47
01 03 05 10 20 42
21 27 31 45 55 56
01 17 19 30 33 47
28 29 31 45 48 49
05 40 47 52 55 57
07 12 24 44 51 56
01 02 23 27 45 51
01 05 11 16 20 56
08 21 23 29 36 48
18 20 27 40 49 55
10 14 25 29 33 57
13 16 27 43 48 58
08 17 34 38 42 51
04 10 20 33 37 49
07 11 19 23 40 49
07 10 14 37 45 54
04 06 11 43 54 56
07 24 28 46 53 56
07 16 33 42 50 58
01 21 22 27 32 45
07 24 26 28 44 57
08 27 35 38 41 44
17 23 29 38 57 60
24 33 38 42 44 54
15 16 18 20 22 48
12 17 23 38 53 54
19 23 34 40 41 58
08 18 21 31 37 38
10 13 16 22 34 60
16 19 20 28 37 60
03 23 42 43 47 60
23 29 30 33 46 51
02 06 18 23 31 46
16 29 34 35 49 51
01 02 38 41 42 58
01 05 24 47 55 56
19 26 33 35 51 52
08 23 28 30 32 51
09 10 23 33 44 51
01 02 11 13 36 49
06 18 24 27 56 59
04 29 44 47 48 60
01 07 30 43 44 54
04 20 24 35 47 59
26 29 34 38 50 60
20 26 32 41 45 57
03 05 14 35 43 52
11 22 36 40 45 52
02 27 32 41 47 58
33 43 49 50 56 59
04 05 07 21 45 53
10 22 24 38 39 49
13 23 27 34 38 57
05 08 17 42 46 47
09 20 24 43 51 52
03 23 26 31 47 54
28 31 40 42 46 58
05 20 26 31 33 44
14 17 21 27 43 49
04 18 31 44 46 49
06 13 17 36 42 51
24 28 47 50 51 58
01 04 09 35 36 53
02 06 13 26 53 60
05 06 17 43 54 59
07 31 32 41 51 52
01 15 37 42 46 54
09 19 21 30 31 42
02 21 24 27 40 51
13 20 27 31 53 60
08 12 22 35 40 44
08 10 24 45 56 60
09 23 32 35 46 57
03 10 15 35 36 58
29 31 36 42 47 53
05 10 16 44 50 52
01 05 07 10 12 45
02 05 08 42 46 59
06 07 08 23 43 53
04 09 17 18 21 38
31 36 38 41 42 49
04 10 23 33 38 55
07 20 34 40 44 55
04 05 11 19 41 51
23 29 32 36 45 49
08 19 21 30 52 56
08 39 43 46 47 58
02 43 47 48 49 55
03 22 27 28 50 54
02 09 17 18 45 47
01 04 13 17 38 48
14 15 25 30 31 34
01 06 14 17 33 36
25 34 40 49 51 60
03 06 30 37 53 56
11 14 25 32 51 59
13 15 21 26 30 46
01 04 05 14 45 56
06 27 28 33 46 48
07 16 21 35 36 38
20 27 42 45 46 47
03 29 32 46 55 60
15 18 24 42 46 56
05 15 18 31 42 53
19 24 25 28 42 58
02 15 30 38 48 53
05 06 11 32 36 60
18 37 39 41 43 51
25 38 44 46 53 54
01 06 13 20 36 43
10 12 23 37 47 51
23 26 28 54 55 60
20 30 36 38 47 53
08 12 16 29 37 58
07 15 17 31 42 54
04 16 18 31 45 46
01 04 07 10 11 52
02 05 23 33 52 59
30 32 49 50 52 53
20 21 22 29 46 60
07 18 24 26 39 46
02 15 19 21 23 38
09 13 21 27 36 56
10 12 16 20 32 53
19 41 42 44 47 54
02 09 10 18 21 28
04 17 38 44 53 60
04 06 11 24 45 48
02 21 30 35 45 50
07 15 20 23 30 41
07 11 12 30 39 57
05 24 37 44 49 58
03 17 27 32 47 54
08 10 20 26 49 58
23 27 35 52 53 57
06 10 33 50 51 56
13 18 29 32 50 58
08 09 25 41 54 55
01 12 28 29 34 48
13 21 29 34 47 57
02 11 23 31 42 44
12 13 24 41 42 44
10 16 28 33 48 53
11 15 17 34 35 49
04 13 15 19 36 58
16 32 36 42 44 48
10 16 28 47 51 59
02 26 30 35 46 54
02 12 40 46 52 53
22 25 31 39 41 44
05 08 23 32 33 56
11 14 18 30 33 39
07 31 35 36 46 48
05 06 15 23 56 59
08 09 28 41 48 55
07 17 38 45 52 56
04 18 20 34 45 60
04 13 14 18 49 59
16 17 23 42 59 60
17 28 31 56 57 58
11 28 35 42 46 58
04 08 17 29 31 45
01 08 17 44 46 53
01 06 27 46 51 59
17 18 30 35 39 58
24 46 50 51 52 56
03 14 18 34 42 49
01 02 06 09 16 32
02 10 12 30 41 42
03 04 16 22 36 42
06 22 43 51 52 57
01 07 13 29 37 54
10 18 31 43 57 59
08 22 26 33 37 54
06 11 27 40 46 49
04 05 07 27 45 58
14 18 28 41 47 54
04 13 14 44 49 57
02 14 24 28 35 50
07 12 24 27 30 49
04 09 18 44 46 48
06 26 45 50 56 60
01 03 31 32 43 52
01 15 24 26 28 48
04 22 25 38 45 51
04 09 17 23 28 53
01 06 10 34 40 54
04 27 30 36 54 59
17 20 24 29 49 53
01 35 39 53 55 56
06 09 11 34 41 53
17 27 28 40 44 55
09 14 21 26 36 52
21 48 50 54 57 60
10 27 37 40 47 55
03 04 46 50 56 59
04 10 26 37 47 57
12 13 37 44 48 51
01 02 03 11 28 43
02 12 33 57 58 60
12 18 23 25 45 50
10 25 33 36 40 58
02 34 36 38 51 55
04 13 35 54 56 58
01 02 10 19 20 37
23 24 26 41 52 53
04 06 13 34 37 51
06 11 16 26 44 53
02 24 32 50 54 59
13 22 28 29 40 48
05 09 25 27 38 40
31 36 44 47 49 54
04 14 27 38 50 52
02 06 30 34 35 52
02 04 16 33 44 51
15 16 34 42 46 59
06 08 14 26 36 40
14 32 33 36 41 52
04 27 29 41 48 52
06 13 25 32 47 57
02 14 28 50 57 58
02 10 11 33 52 57
26 27 31 38 44 45
02 06 18 30 52 56
01 25 29 36 56 60
01 19 28 33 39 41
06 13 24 32 40 51
05 19 32 41 49 58
02 05 27 28 48 55
12 20 32 48 52 54
12 13 20 30 34 49
17 29 36 38 53 56
02 06 28 36 51 56
02 34 35 42 43 55
07 14 31 33 36 49
22 23 26 37 38 48
01 13 23 24 30 57
04 15 45 47 50 52
03 18 22 34 55 58
04 13 14 40 46 52
16 24 25 42 45 59
05 09 13 33 40 54
02 19 22 30 46 52
09 12 22 39 48 60
07 15 19 34 37 55
08 39 44 47 53 56
06 15 18 24 30 44
07 16 29 36 38 50
03 07 15 29 38 60
03 08 21 25 27 43
02 05 13 17 39 44
19 31 39 44 53 59
02 11 16 18 36 45
17 21 30 48 52 58
07 08 10 12 27 56
05 12 45 52 56 59
03 19 22 24 35 49
26 36 40 46 49 51
21 37 44 46 49 57
13 15 33 45 54 55
06 08 24 37 41 45
08 12 32 44 46 48
18 29 40 42 50 54
06 19 26 47 50 58
04 19 20 24 39 43
18 29 31 42 43 53
07 10 17 24 38 57
03 14 17 32 37 39
07 08 27 31 32 51
13 16 20 26 39 42
02 09 10 21 27 38
11 12 25 33 48 54
09 26 34 43 53 54
34 39 43 56 57 60
14 32 33 40 42 51
03 04 07 15 27 56
29 48 52 54 55 58
05 11 17 19 44 48
11 16 24 35 46 50
04 18 24 28 39 44
02 08 12 28 33 43
07 12 19 34 40 53
04 19 27 28 29 31
01 16 28 39 44 57
22 29 31 43 50 54
18 27 32 43 50 52
12 28 38 39 51 56
27 35 36 37 42 59
02 18 30 31 45 56
07 09 23 44 46 55
05 13 16 17 27 55
11 27 30 40 44 57
03 14 52 55 57 60
05 12 36 45 50 58
02 05 17 18 54 59
02 05 12 13 25 35
09 11 21 49 53 54
14 25 28 45 53 58
06 21 28 31 33 43
07 27 39 52 55 57
03 36 40 46 58 60
03 04 08 11 47 49
02 04 05 27 49 59
05 16 24 32 38 46
10 21 26 29 32 38
02 07 13 29 38 43
12 27 37 44 54 59
02 24 26 32 35 50
10 13 20 40 44 53
25 35 42 45 52 57
02 12 19 22 36 58
23 27 30 37 38 44
02 16 17 25 50 54
06 10 12 17 28 53
03 15 16 35 37 47
01 19 24 26 52 55
06 13 21 22 31 46
11 17 24 39 46 49
02 08 38 42 48 49
03 11 13 27 32 47
09 18 24 35 36 59
13 33 36 41 50 56
03 04 29 36 45 55
09 19 20 50 51 60
07 12 38 39 45 56
09 19 45 46 54 56
12 32 40 47 48 59
07 17 19 26 40 50
08 19 21 36 42 59
19 20 31 42 51 56
05 07 42 46 50 60
01 11 20 37 40 52
13 21 30 36 59 60
07 10 14 16 54 59
01 18 19 33 43 60
02 20 35 38 45 51
01 32 38 47 51 54
03 14 20 22 49 51
01 06 08 10 25 27
25 26 28 33 42 51
03 05 13 24 35 59
09 24 26 39 46 57
08 18 21 30 48 49
07 08 11 39 43 50
10 23 27 43 53 59
16 35 36 41 52 54
10 11 18 19 30 50
02 05 16 20 35 43
18 29 31 44 51 57
06 15 25 37 48 55
10 21 43 47 53 55
10 47 51 53 59 60
17 24 25 38 41 55
04 05 16 18 27 51
11 14 16 28 34 46
06 13 29 30 35 37
08 13 25 34 42 48
01 27 29 38 50 52
38 42 44 52 58 60
01 04 26 39 43 49
05 20 22 28 29 30
07 09 12 19 45 54
08 09 14 32 53 59
07 12 25 26 32 39
07 08 24 30 33 47
07 10 32 43 47 54
06 19 22 34 43 45
03 05 11 36 44 46
07 14 15 20 23 35
08 19 46 51 52 54
02 10 15 44 56 57
03 16 23 25 51 56
43 44 46 53 54 59
08 22 32 43 53 56
14 15 30 53 55 60
02 05 11 13 56 59
10 14 43 46 49 53
02 05 15 20 43 57
04 06 29 48 50 51
01 13 24 40 44 50
09 11 23 30 31 54
18 40 47 54 57 58
02 03 14 23 34 50
01 03 08 13 27 52
17 30 32 40 42 56
11 12 31 33 42 52
02 05 28 33 51 52
10 15 28 31 33 38
20 21 26 29 31 36
08 30 40 44 59 60
04 23 39 52 55 56
08 11 14 30 36 38
06 10 16 20 29 54
08 14 29 35 36 40
04 16 24 25 30 56
12 18 31 50 59 60
05 09 11 22 36 40
02 14 48 55 58 60
13 17 21 39 40 59
13 19 26 40 58 60
13 26 27 28 35 52
01 02 39 48 52 59
05 09 24 31 33 42
04 05 15 17 27 51
03 16 17 44 53 60
04 20 30 41 47 58
06 10 33 39 42 60
13 19 24 46 50 60
04 17 36 37 51 56
04 18 26 36 41 53
05 07 08 09 11 39
10 14 22 41 42 53
19 23 29 31 41 53
04 06 39 46 54 58
11 26 47 55 57 59
02 15 26 27 30 52
26 33 35 38 43 53
05 23 38 39 51 54
07 09 14 18 29 39
02 17 23 43 44 51
02 14 35 39 49 51
05 27 34 46 48 52
01 02 24 40 51 59
03 08 36 40 51 53
20 33 34 57 58 60
03 09 11 24 36 51
10 37 40 43 57 59
02 10 34 37 43 50
02 08 15 25 34 45
09 19 23 29 32 57
11 34 45 48 51 54
10 13 25 26 28 45
08 09 12 22 42 49
01 15 37 39 48 52
13 14 24 39 40 45
05 18 21 26 39 59
03 08 17 20 38 53
10 16 20 26 49 55
03 05 19 24 30 35
22 29 32 49 54 59
08 11 12 15 18 22
05 20 23 27 39 49
09 12 19 22 35 37
12 30 32 40 49 60
10 23 36 50 52 60
04 28 30 31 35 54
10 31 40 50 55 56
31 32 34 40 50 55
19 21 27 41 53 57
15 17 35 42 47 48
05 08 19 26 48 57
05 14 37 43 46 58
05 15 43 48 52 55
02 33 34 37 41 53
10 23 29 31 33 46
05 11 15 28 43 50
04 07 13 25 27 58
10 25 30 47 50 51
05 29 30 36 41 48
03 11 26 34 45 53
02 23 33 35 40 50
03 15 31 36 48 54
03 07 09 10 31 34
05 14 17 30 35 38
01 12 20 26 45 54
09 11 22 32 35 56
02 06 11 36 37 48
04 13 14 26 29 35
05 10 25 39 43 52
07 09 30 33 38 55
08 09 11 48 53 60
28 32 36 49 55 60
03 10 11 39 54 56
16 19 23 28 39 58
22 29 36 41 48 58
36 37 39 49 54 60
03 06 19 20 58 60
17 20 26 27 55 57
06 13 24 41 50 53
02 09 12 14 32 54
17 20 49 52 57 59
03 11 16 22 25 33
10 11 19 37 53 56
14 21 27 31 35 50
09 20 44 52 59 60
08 17 19 40 43 49
07 08 12 13 15 41
02 10 21 35 43 54
04 09 23 27 28 30
05 10 12 20 29 37
02 04 29 52 56 60
18 20 26 31 44 45
12 30 34 44 57 60
05 22 28 47 59 60
01 22 30 45 50 53
33 38 47 50 52 55
11 14 21 30 33 49
02 03 12 16 37 47
06 07 39 47 51 52
05 07 24 25 36 47
06 12 28 43 52 56
03 10 13 30 41 57
11 13 27 34 46 49
01 11 14 23 42 48
04 05 20 47 53 56
20 28 43 51 52 56
22 28 30 31 35 54
20 40 42 52 54 60
06 14 17 26 40 49
05 17 31 47 51 53
18 22 25 30 31 41
04 07 42 47 48 51
01 03 05 18 40 48
05 06 34 46 53 55
23 30 31 54 55 60
09 29 41 43 46 49
09 24 31 44 48 49
20 28 40 41 51 58
04 12 14 21 26 28
06 17 19 34 46 55
14 20 29 36 44 47
01 04 14 21 25 51
15 17 28 31 35 52
07 08 23 36 46 54
27 28 29 32 48 55
06 23 31 33 39 52
06 10 28 33 34 53
03 16 19 24 33 60
01 10 18 19 44 49
03 30 35 44 47 60
03 15 26 28 31 58
09 37 40 50 58 60
10 27 40 46 49 58
09 28 31 36 37 42
02 04 15 18 25 36
19 21 25 28 43 50
07 31 32 34 37 43
04 05 06 19 23 39
09 22 29 36 51 56
05 10 16 21 39 58
12 27 30 33 52 55
01 08 16 34 36 49
05 18 23 32 49 54
12 17 19 32 47 55
08 16 24 39 52 60
05 08 14 24 29 30
04 31 42 52 57 59
03 07 29 33 42 56
07 11 16 18 33 49
04 14 19 39 45 60
26 44 46 49 55 56
04 17 18 54 56 59
07 35 40 44 50 55
10 34 41 44 45 54
08 20 21 43 44 55
01 06 17 27 35 40
04 09 13 17 20 47
18 30 37 41 44 50
03 15 16 22 25 54
03 06 29 36 47 59
04 32 34 43 52 58
04 09 25 32 33 43
06 14 26 28 42 45
06 08 11 14 29 52
07 09 39 43 44 60
03 09 20 36 53 54
04 15 43 47 50 60
01 15 28 43 50 57
02 03 06 35 49 58
10 19 28 41 55 56
09 11 23 35 46 51
06 07 10 12 24 57
07 17 18 33 41 42
14 31 35 38 44 55
11 20 21 30 50 52
01 17 21 33 48 56
03 13 14 16 41 52
10 16 21 23 27 36
09 10 21 36 41 48
19 23 27 38 41 49
01 09 30 33 34 40
17 23 24 27 49 56
09 20 24 36 40 42
02 18 20 32 37 48
06 24 31 35 42 57
03 20 28 32 36 46
02 04 06 10 23 45
12 21 39 40 50 55
05 20 29 33 40 59
10 20 23 28 42 43
04 17 38 40 50 55
09 16 24 29 52 56
11 18 20 34 41 56
05 12 24 28 36 37
03 06 34 41 43 45
05 06 09 11 18 37
04 10 19 32 33 42
10 12 16 21 39 53
03 10 23 29 47 50
08 25 32 34 36 44
09 18 19 43 47 54
05 07 37 43 53 54
05 08 16 23 41 53
09 17 28 45 49 53
25 27 44 47 48 57
04 10 14 25 28 56
06 10 25 32 43 49
07 19 30 39 43 57
04 16 19 28 29 49
01 22 44 47 49 50
02 08 23 33 37 55
09 21 23 30 41 56
01 03 16 18 41 42
01 12 14 16 37 45
18 20 24 45 51 57
02 03 04 15 49 59
06 08 38 50 53 59
12 15 16 20 27 32
13 14 18 27 41 60
15 27 34 42 49 53
08 11 15 16 52 57
07 10 11 13 43 57
14 24 26 33 45 60
02 05 17 29 34 52
03 16 21 28 38 57
01 02 08 10 14 48
28 40 42 54 55 57
01 05 06 17 31 50
10 11 13 35 39 58
14 21 25 48 51 60
13 18 25 30 46 51
10 12 36 44 54 57
01 06 28 39 44 55
02 20 24 27 36 52
06 07 28 35 43 51
04 36 44 46 53 56
10 27 36 39 41 52
01 11 26 51 59 60
01 03 18 20 42 49
05 06 17 33 39 54
15 16 26 29 43 57
24 33 40 43 46 49
01 08 23 37 54 57
05 16 17 20 24 32
20 26 34 51 52 54
18 20 33 44 47 60
06 10 17 33 51 53
10 27 28 29 40 52
18 22 28 29 39 53
02 07 08 18 40 45
05 21 31 39 40 56
02 33 42 43 51 55
01 02 19 32 39 52
04 13 23 29 46 47
09 24 44 51 55 58
06 19 31 34 51 56
05 09 11 20 25 60
03 08 17 26 28 49
08 09 25 41 57 60
07 09 12 19 20 41
14 19 40 47 55 58
02 11 21 30 35 52
02 03 13 37 46 54
01 06 12 29 34 58
07 13 15 34 42 48
04 27 36 37 49 52
02 04 17 33 48 55
04 06 12 37 41 42
29 40 43 44 45 47
05 10 16 23 26 27
03 07 25 31 40 58
12 15 27 37 51 60
29 38 39 49 53 58
18 24 36 44 55 58
03 04 21 22 28 32
09 17 18 32 53 55
07 15 20 21 23 29
04 16 31 36 54 55
03 20 29 40 44 58
05 24 25 26 42 60
01 04 06 08 25 28
08 09 15 38 41 60
02 10 15 18 29 39
02 21 27 29 32 38
08 17 46 48 56 60
13 27 31 34 47 58
06 15 19 24 31 32
04 16 18 46 56 59
04 10 20 43 46 47
16 22 32 38 40 45
08 12 24 40 43 49
01 08 34 41 53 58
15 17 29 35 36 59
03 15 28 31 39 51
12 16 18 27 42 58
03 05 07 09 17 32
14 23 25 28 38 53
09 30 33 37 40 41
12 16 20 31 38 45
01 08 30 36 47 53
15 18 31 33 34 56
04 11 14 33 44 45
05 21 28 34 54 57
13 25 35 41 50 56
01 04 13 30 51 60
05 13 14 18 30 57
01 04 26 28 41 58
05 30 36 39 57 58
08 13 20 26 33 42
15 17 37 48 50 59
02 11 40 48 49 55
02 04 16 21 36 53
06 18 19 33 34 53
03 05 11 33 39 57
07 13 22 33 48 51
24 25 32 34 50 57
46 47 51 54 57 59
05 12 21 32 33 35
05 08 18 24 33 57
01 16 39 42 48 55
02 11 18 27 30 54
14 24 34 39 49 55
23 41 42 48 49 59
01 23 41 44 51 52
22 41 44 46 52 54
03 05 11 14 33 58
01 05 12 47 52 59
04 08 27 44 54 59
16 37 43 52 58 59
03 12 23 41 47 58
05 08 18 42 52 59
10 11 15 27 53 60
05 25 31 33 37 51
06 19 23 37 49 50
15 27 35 50 57 59
02 21 22 30 41 52
05 14 22 29 33 44
07 13 18 29 31 45
01 03 21 25 44 48
08 14 25 39 45 51
02 17 21 36 42 53
07 17 19 34 36 39
20 28 37 46 49 55
16 27 35 39 49 57
04 10 32 33 49 60
19 23 26 31 33 36
21 33 34 40 41 59
08 22 36 37 46 52
02 20 21 27 51 60
02 15 39 50 53 57
12 13 19 41 45 49
01 09 35 41 48 57
05 17 24 52 55 57
03 25 31 41 43 60
04 08 12 38 44 52
23 25 30 46 47 59
05 28 33 36 37 38
17 20 26 28 48 49
09 12 23 33 45 51
14 30 36 38 46 59
04 19 21 26 29 54
01 06 28 29 46 49
03 15 27 29 36 53
17 22 26 28 38 42
01 09 19 25 50 52
09 36 37 41 51 53
07 14 24 29 35 39
02 04 15 16 55 57
32 44 48 51 53 59
05 17 20 32 41 55
18 23 50 52 55 58
13 16 32 33 34 56
04 18 21 34 38 59
18 20 36 53 54 58
03 04 08 30 45 54
07 21 22 43 46 57
05 11 22 31 35 41
02 41 43 55 57 58
20 24 28 37 41 44
03 18 26 51 53 56
01 19 42 44 49 52
15 16 19 22 34 35
07 09 17 21 22 54
20 24 34 39 54 60
24 40 50 52 54 60
01 12 21 32 34 44
17 33 37 50 55 59
04 13 31 33 47 51
02 11 12 14 22 39
21 32 37 52 53 60
17 41 42 44 45 60
04 18 24 43 51 56
25 30 37 46 49 51
10 28 29 35 42 46
11 12 37 38 43 54
13 15 20 28 31 36
04 08 12 41 45 60
18 20 24 36 53 58
10 20 42 44 52 59
04 19 30 34 57 59
05 18 31 43 55 58
01 05 10 17 47 58
08 21 34 40 43 52
27 29 42 49 50 51
21 22 25 40 51 57
10 19 26 28 44 54
05 27 36 40 46 48
23 26 27 41 51 53
08 11 31 33 42 57
15 24 32 50 53 57
02 08 11 12 19 35
39 40 42 47 59 60
02 08 17 22 42 44
09 12 34 46 47 57
04 18 23 31 37 54
02 03 17 49 50 59
11 15 40 41 42 47
03 24 31 42 43 53
03 17 24 25 27 44
30 38 46 51 56 59
06 14 23 34 38 44
03 16 19 32 35 58
07 22 25 44 59 60
08 09 39 44 49 58
17 27 32 34 47 56
14 15 27 42 44 48
02 03 44 47 50 54
14 19 20 40 48 52
16 24 34 44 54 57
01 16 34 36 45 48
07 09 30 44 51 60
07 22 32 36 38 51
17 29 31 35 43 59
07 08 11 18 37 43
09 23 30 38 44 47
05 06 16 24 34 60
17 22 28 38 52 59
18 31 33 49 57 58
10 16 17 34 44 51
13 16 46 53 57 58
15 17 23 33 39 49
03 32 33 42 48 50
02 13 41 49 51 53
10 14 32 47 50 56
23 28 38 42 50 53
18 24 30 42 51 56
06 07 08 27 45 53
10 21 28 40 41 47
06 07 09 20 33 48
01 15 26 51 54 59
04 10 17 27 41 52
04 29 33 36 38 42
10 17 21 32 45 46
05 19 25 46 51 58
08 09 22 25 41 44
10 29 30 34 43 52
20 21 30 40 47 52
09 19 37 39 50 57
02 08 11 41 46 50
09 15 23 45 46 56
11 13 38 39 54 57
10 28 32 41 47 57
01 04 05 33 37 48
05 11 15 23 25 30
02 15 21 31 46 57
02 08 27 32 49 56
18 26 35 41 47 60
02 30 36 43 48 60
03 13 37 47 56 59
03 05 10 21 28 57
06 14 18 24 48 60
11 19 20 22 42 48
01 07 11 37 38 56
19 29 35 42 55 57
03 04 09 29 32 52
06 12 47 48 52 58
05 19 24 34 39 43
14 21 26 29 36 48
03 38 42 47 55 56
03 15 16 33 51 57
09 29 34 43 45 56
09 14 19 35 42 58
02 06 19 22 28 43
06 31 38 39 50 60
17 19 29 31 44 57
20 31 34 37 54 60
10 11 26 27 31 41
05 08 17 35 37 48
08 27 37 42 53 56
04 08 21 32 43 48
02 11 23 35 42 59
08 10 13 39 54 56
07 10 28 50 51 59
25 26 29 36 52 54
20 31 36 37 45 51
02 14 23 28 50 56
03 15 35 41 57 60
12 27 42 46 47 50
05 10 37 46 54 58
03 05 14 29 34 51
10 35 38 51 52 60
14 21 29 34 46 47
04 12 25 34 35 48
12 16 20 21 29 50
04 08 30 33 37 59
15 22 32 38 50 54
01 19 24 42 50 58
03 10 16 30 37 50
03 07 45 47 53 55
01 09 26 40 47 48
09 12 21 37 39 54
13 17 27 29 40 56
12 17 44 45 46 60
30 31 39 45 48 59
01 23 36 43 47 59
12 17 18 30 32 58
05 27 37 38 41 50
04 12 30 47 49 59
03 04 13 34 42 50
02 07 22 35 43 59
04 23 24 25 29 42
04 07 20 25 38 50
10 17 33 42 54 58
04 24 47 48 50 57
01 02 07 19 35 51
02 03 12 21 23 56
01 10 12 25 49 57
02 16 21 37 43 57
04 12 23 26 39 46
20 23 25 32 54 60
02 07 17 34 41 50
24 26 27 36 39 59
12 16 28 29 47 50
06 10 35 45 49 56
14 15 26 30 42 54
11 12 24 32 33 38
01 21 38 41 49 56
09 15 38 40 42 52
27 29 43 44 45 54
02 12 26 31 43 46
06 17 19 49 50 53
06 15 16 23 28 35
02 15 16 45 50 54
05 18 33 43 56 57
08 13 24 32 42 44
04 12 14 30 42 59
01 05 07 37 40 47
03 09 35 37 41 49
17 27 34 48 51 55
01 06 16 36 50 52
09 18 36 44 57 60
03 14 23 25 36 55
12 31 44 51 54 56
03 32 37 39 47 53
07 21 33 35 39 58
06 17 23 28 35 41
02 07 16 29 32 50
04 12 24 33 36 54
07 08 17 35 39 53
01 12 16 26 46 54
07 08 35 43 53 58
05 10 33 40 41 59
05 25 34 39 46 49
04 06 09 22 29 44
07 09 13 39 45 47
01 08 10 36 43 51
02 07 10 17 22 60
03 11 13 15 26 43
02 04 18 27 34 50
02 11 24 27 30 45
01 18 45 56 57 58
01 13 23 31 48 60
02 03 14 24 31 40
17 23 48 50 53 54
08 12 22 27 43 55
28 31 32 35 51 53
09 16 34 37 53 57
06 11 13 21 40 52
15 19 29 37 41 53
13 14 17 31 41 50
11 18 33 57 58 60
08 16 37 50 55 58
08 12 15 41 47 53
06 07 31 49 51 60
11 21 30 35 47 52
01 07 14 41 48 59
04 05 15 26 33 54
05 12 27 33 43 56
17 19 33 37 40 50
02 11 12 35 40 43
04 27 36 37 47 60
21 25 38 53 58 59
02 03 05 22 26 44
03 21 25 37 54 58
14 31 40 42 44 46
08 10 25 32 48 55
09 15 32 41 42 49
24 25 30 42 43 50
18 22 29 32 38 42
06 11 20 34 37 40
24 28 34 38 43 53
09 16 27 38 39 51
22 37 42 48 58 59
07 24 27 40 41 49
01 02 14 33 49 56
01 04 05 16 23 49
07 16 26 29 45 55
07 08 18 25 47 48
01 12 36 38 55 59
01 27 30 49 51 55
04 18 23 25 56 60
04 27 36 40 42 55
05 11 38 46 53 54
14 29 34 40 51 52
03 06 11 20 36 41
16 20 33 58 59 60
35 36 37 46 51 59
01 26 37 39 43 48
06 10 11 40 41 56
05 09 19 24 31 34
10 18 20 24 56 57
26 28 39 45 48 60
10 24 25 29 53 59
09 24 33 41 48 54
05 23 29 42 45 48
11 12 14 19 54 56
10 13 32 47 49 60
03 24 48 52 53 54
14 27 29 31 34 57
14 24 37 40 42 45
17 36 40 44 51 56
01 09 13 17 33 34
12 19 42 46 59 60
13 35 39 45 51 60
10 11 36 41 42 50
11 18 43 48 52 58
26 28 30 32 34 50
08 20 26 37 42 49
10 13 24 41 42 56
05 11 22 27 46 50
02 19 28 48 51 54
01 20 28 32 44 47
12 16 20 45 53 60
15 16 39 40 47 51
08 16 22 30 56 58
01 13 19 45 56 58
07 08 18 22 39 49
12 24 32 40 42 59
08 23 34 39 43 52
09 23 30 42 49 55
19 27 29 38 50 59
26 29 31 49 50 57
01 03 13 22 29 32
08 12 14 16 19 46
03 08 10 13 24 60
03 05 25 33 36 49
02 12 16 24 26 54
05 08 10 27 31 51
12 16 31 48 57 60
06 13 19 44 54 55
15 18 33 50 53 55
16 21 22 33 48 49
25 30 43 45 47 49
02 06 15 58 59 60
06 13 19 24 30 37
06 11 19 27 41 59
06 23 32 35 41 55
04 24 44 49 52 53
15 25 41 46 49 51
04 08 11 12 29 44
07 13 38 46 55 60
10 19 22 29 30 37
16 18 31 34 39 54
04 06 09 23 45 51
05 16 34 38 50 53
22 27 29 40 42 56
11 14 28 43 54 60
01 02 25 43 50 54
10 13 29 47 53 55
01 25 27 29 49 59
13 14 42 47 55 59
01 03 18 34 50 58
04 05 18 25 28 51
06 07 08 13 33 59
11 13 45 46 53 55
02 18 29 30 36 60
11 13 38 39 45 54
12 24 33 36 39 57
07 08 23 30 32 53
06 07 20 41 43 55
13 29 40 45 51 59
14 17 25 30 39 52
15 16 18 28 38 47
04 09 15 17 34 39
03 18 23 48 56 58
08 23 24 28 31 47
07 08 18 39 43 52
05 18 21 29 35 48
02 10 17 23 32 44
06 17 22 29 40 59
03 09 16 20 33 60
12 13 14 31 50 51
15 32 33 35 36 51
03 09 14 15 32 57
13 17 22 25 29 41
11 31 38 41 57 58
06 13 17 18 20 37
07 31 34 35 37 45
10 13 20 32 38 49
05 08 23 34 44 51
16 23 35 37 55 57
01 20 36 39 49 55
02 11 18 30 32 58
06 13 17 25 36 53
07 14 31 57 58 59
08 12 18 23 38 49
08 10 17 30 33 45
05 23 31 33 45 49
15 29 31 42 47 60
04 43 46 53 54 58
09 22 47 49 52 54
12 21 46 48 56 57
16 17 38 39 45 56
08 13 22 46 51 58
14 47 49 51 58 59
04 13 28 30 53 59
04 05 13 17 46 54
17 29 35 40 43 57
11 17 33 34 47 56
35 37 42 46 49 54
04 06 19 28 35 49
13 27 49 52 57 58
04 22 28 30 44 49
06 16 19 47 50 55
03 25 43 45 52 56
03 07 19 34 37 39
14 15 22 23 25 37
06 14 28 47 49 56
03 08 23 31 48 57
13 18 21 27 53 59
04 09 12 13 52 53
01 03 07 18 35 50
01 06 21 25 32 49
01 13 33 38 45 56
08 12 28 31 34 37
06 14 17 26 50 52
03 21 31 36 55 59
08 10 24 26 32 49
19 29 34 41 47 48
28 39 40 44 45 58
06 14 15 25 49 52
15 25 28 32 38 45
09 12 17 32 34 35
09 15 19 22 36 42
05 08 10 15 18 44
07 08 28 32 38 51
05 13 24 33 34 35
15 16 39 45 48 57
15 36 40 42 51 52
10 19 27 33 39 46
04 08 31 40 53 58
03 04 08 34 36 37
01 04 30 41 45 58
28 32 33 34 35 55
05 10 15 45 46 56
03 05 27 33 44 58
04 15 31 34 37 38
03 20 28 46 47 52
08 11 19 30 39 50
07 10 21 27 48 49
07 13 21 24 33 50
16 27 28 34 39 56
21 29 35 36 38 54
01 04 05 11 44 59
02 06 28 49 50 57
09 13 20 32 41 58
10 19 20 29 41 59
08 15 29 36 49 60
18 20 28 32 49 53
03 18 20 24 42 54
02 06 15 18 56 57
01 09 15 22 43 55
05 11 23 29 54 58
17 28 33 36 53 59
15 30 35 39 43 57
08 22 25 48 52 54
08 14 19 30 42 50
19 28 30 38 52 57
17 18 19 38 49 53
16 18 23 35 44 59
12 13 33 53 54 56
06 13 22 24 42 44
14 33 36 38 41 49
20 26 41 46 54 58
03 08 21 25 30 31
06 08 18 34 38 47
17 20 38 43 55 58
06 08 19 22 43 52
03 12 32 34 40 50
07 23 41 49 51 58
03 04 12 29 38 51
05 31 32 36 51 59
08 11 23 37 51 58
13 21 26 29 42 47
05 06 23 25 39 51
08 18 21 22 38 60
11 16 28 29 30 45
01 22 31 46 51 57
06 24 33 38 45 50
02 03 07 18 45 53
17 19 22 26 27 48
15 17 20 29 30 60
19 23 30 37 49 55
08 15 17 39 43 49
13 24 32 34 43 53
15 17 24 27 32 48
03 17 22 27 33 40
02 14 15 17 50 59
04 17 24 42 46 56
08 20 23 34 52 58
11 16 30 36 51 54
17 18 23 28 31 53
01 09 13 50 51 59
01 08 24 34 49 56
03 05 09 45 51 52
15 24 25 33 42 55
08 11 12 17 20 47
07 20 31 32 50 53
03 24 33 48 52 57
11 17 26 36 48 52
06 15 23 31 37 59
02 10 15 21 58 59
03 05 23 30 46 47
13 20 29 42 43 57
03 05 11 14 38 48
07 10 30 44 54 59
01 06 07 29 48 57
10 11 17 31 37 43
04 10 17 24 30 54
16 17 28 30 36 54
04 13 17 27 39 50
26 37 40 47 52 58
08 10 21 25 38 50
17 26 32 36 43 55
08 28 30 32 46 60
03 13 14 24 43 51
07 30 32 37 50 54
06 10 16 34 42 47
18 27 29 36 46 59
08 22 32 33 40 53
12 37 43 55 56 60
05 35 37 38 45 51
12 29 30 43 57 59
09 16 41 42 52 53
08 15 32 45 49 52
07 12 21 25 34 42
01 13 23 33 54 56
01 04 27 38 42 44
16 26 35 45 52 58
02 04 29 33 35 53
05 12 14 21 45 59
10 12 31 38 45 56
08 24 31 36 38 55
18 25 26 31 34 49
14 28 33 44 49 56
02 18 22 49 51 57
02 12 32 38 47 48
24 29 34 47 57 60
01 24 28 38 40 58
07 16 27 31 46 60
05 16 27 43 56 58
11 18 43 44 50 53
10 13 28 29 54 59
11 16 27 47 55 59
07 16 22 28 36 37
01 02 05 24 32 46
06 18 34 42 45 47
10 11 14 20 31 58
05 15 35 42 45 49
06 12 35 36 40 50
15 23 31 39 47 49
04 07 15 16 35 40
07 12 22 34 38 53
05 14 18 43 46 54
23 36 48 52 53 58
22 28 29 43 47 48
17 35 36 39 43 54
05 12 16 18 22 24
24 28 40 47 50 52
14 22 48 50 53 56
31 34 37 38 53 54
09 10 28 46 55 56
13 22 30 31 47 57
24 33 40 41 55 59
05 38 41 45 48 55
03 12 19 27 45 46
10 13 25 35 43 48
01 05 09 42 51 58
02 05 16 26 44 54
01 05 10 24 31 33
16 17 24 39 46 57
04 18 23 33 39 60
01 04 40 42 51 54
01 14 21 35 42 60
13 29 32 38 44 50
10 12 27 33 49 52
04 06 07 15 21 51
19 23 34 37 52 58
05 29 44 51 57 59
19 29 39 47 49 54
07 20 33 37 46 56
16 28 31 41 45 59
23 24 29 47 53 55
13 19 20 29 31 54
12 17 21 32 40 42
02 30 32 35 45 53
05 19 21 54 56 58
02 14 22 23 37 60
07 16 38 40 41 52
19 23 30 46 55 60
07 20 25 44 47 49
15 16 24 41 59 60
10 15 23 30 43 57
08 09 28 32 38 54
19 30 33 39 40 52
01 10 12 26 48 52
07 12 41 46 56 60
11 22 46 51 56 58
10 12 14 33 35 36
04 06 07 12 24 41
16 29 34 49 51 54
05 16 22 23 43 56
09 10 12 33 42 60
05 12 13 16 27 50
01 04 09 36 46 48
04 14 16 31 52 54
02 18 22 26 30 54
07 23 33 43 57 59
14 23 24 26 41 51
04 27 35 44 52 53
23 28 29 34 42 44
01 13 20 27 35 37
02 04 14 23 37 51
10 11 12 24 35 40
05 07 14 21 23 51
29 32 33 38 46 48
21 23 40 44 51 52
01 03 04 21 23 53
08 15 22 25 30 47
26 31 33 40 49 54
11 18 29 44 47 56
04 11 31 32 48 49
20 22 27 47 50 53
12 16 17 19 23 48
03 19 20 31 40 53
16 20 27 30 35 48
06 24 28 43 51 56
12 21 22 28 43 50
05 32 34 37 40 58
14 16 24 37 38 53
14 23 30 41 47 50
22 24 30 32 38 41
02 14 28 29 31 32
04 11 25 39 50 55
04 11 25 29 39 55
13 16 17 26 41 44
19 30 41 47 56 57
05 11 27 38 53 60
07 11 34 41 42 59
07 13 17 30 37 47
12 25 30 40 41 60
09 26 48 49 57 58
24 27 28 38 41 57
02 05 07 33 49 53
05 22 23 24 34 60
01 20 28 33 36 41
03 20 42 46 51 52
07 12 24 31 44 50
22 25 28 41 45 57
05 06 07 12 28 35
13 23 24 34 45 53
05 16 17 18 22 41
07 25 26 30 40 57
06 07 20 25 30 36
06 09 11 17 18 50
03 13 25 33 47 60
29 35 37 44 47 56
12 32 37 41 50 56
07 08 14 30 32 36
25 28 34 42 48 54
09 14 23 24 33 36
05 11 31 38 47 53
05 16 20 25 30 58
04 23 31 47 58 59
10 15 18 22 31 55
04 26 38 40 52 56
22 39 45 53 57 59
16 19 30 37 38 48
11 13 18 26 39 47
10 17 23 27 47 52
09 10 24 36 56 58
14 24 26 29 31 54
05 09 27 35 40 45
17 18 19 25 49 52
05 06 10 21 33 47
01 08 45 46 55 58
02 23 38 46 48 54
07 16 34 41 50 53
01 05 13 25 31 33
08 09 26 43 50 53
11 20 48 53 58 60
05 16 20 30 54 56
04 06 33 43 59 60
13 15 20 33 43 58
07 12 50 54 55 60
01 04 05 19 28 34
02 21 26 32 34 52
16 19 20 32 44 55
01 04 21 22 30 56
11 12 24 37 44 56
04 17 26 32 51 54
15 23 30 34 49 55
07 25 41 42 43 55
21 36 40 49 54 55
16 32 34 35 41 56
03 10 23 30 34 46
02 16 32 37 43 57
08 27 44 51 53 60
19 24 33 47 50 60
11 16 20 23 32 47
04 07 21 22 28 56
11 31 35 40 56 57
25 28 38 41 57 59
06 21 33 44 46 47
09 13 15 37 41 42
07 31 36 45 56 57
10 25 50 52 57 60
02 22 29 31 41 55
15 25 41 42 45 54
03 07 24 32 36 45
19 22 29 37 41 59
16 27 36 42 44 59
08 40 41 44 53 56
11 13 21 33 39 45
13 16 40 43 45 59
11 26 27 37 42 48
01 02 38 49 50 59
02 04 16 21 37 58
07 16 18 20 21 44
02 06 22 24 28 58
05 19 30 48 52 55
13 27 43 50 54 58
13 14 36 53 55 60
23 26 28 36 42 49
12 17 40 42 47 54
03 27 32 45 49 51
14 18 30 35 42 59
07 28 37 46 53 58
06 12 30 31 35 50
03 09 23 30 32 35
06 15 29 45 57 59
10 20 33 40 45 50
20 32 37 38 48 58
13 21 26 32 41 52
15 23 24 25 47 57
03 07 19 24 53 55
18 20 26 34 51 56
26 32 40 43 46 54
29 31 39 41 51 58
11 19 29 44 47 55
12 24 44 45 49 53
05 20 22 30 35 55
12 15 19 34 44 51
10 16 37 50 52 57
01 08 18 23 35 40
05 12 15 19 29 52
07 09 14 17 24 32
03 09 17 32 37 44
25 28 32 33 42 43
04 11 12 19 43 49
01 26 28 41 54 60
01 03 05 23 41 58
05 10 21 32 40 42
04 15 31 38 41 53
17 27 34 42 43 46
06 36 41 44 48 58
14 23 24 25 26 51
17 22 43 46 55 59
09 16 21 34 41 60
02 07 11 16 40 44
03 05 10 28 46 60
01 27 33 35 51 55
06 23 29 39 51 60
05 06 23 26 27 53
05 15 19 26 27 33
22 35 38 39 41 59
01 03 04 28 45 53
01 10 13 20 42 50
11 22 23 36 52 59
17 28 29 42 49 50
10 14 26 35 36 49
04 27 40 43 46 54
07 41 46 51 55 58
01 13 21 37 51 52
02 09 31 35 45 50
01 11 28 33 38 48
12 13 22 57 59 60
10 19 23 35 39 56
04 10 14 19 28 44
08 27 36 41 53 56
21 23 33 38 48 51
06 25 30 37 39 41
02 13 42 52 54 58
09 11 16 35 50 58
04 14 17 43 51 58
04 13 17 21 41 44
17 23 42 49 52 55
12 30 32 35 43 44
08 10 24 33 45 48
02 30 31 42 45 47
05 12 15 29 51 58
03 16 20 43 52 56
12 44 50 52 54 55
07 11 20 28 45 48
32 35 41 55 58 59
06 16 23 24 28 38
25 32 34 42 51 60
15 16 31 41 43 51
08 32 36 44 45 55
06 18 20 40 50 53
08 15 19 20 54 59
10 13 22 41 42 58
07 31 41 44 46 55
03 13 26 27 41 42
05 14 27 37 40 41
15 16 19 22 26 49
01 17 25 38 45 59
21 22 35 40 53 59
04 25 32 36 52 60
05 06 19 34 39 57
07 09 35 41 44 50
04 09 17 27 30 44
13 29 38 42 49 53
01 09 10 32 46 54
03 09 18 21 23 43
21 29 50 51 54 59
06 10 11 28 32 40
25 41 47 53 56 59
05 15 34 41 52 57
13 14 16 26 32 42
11 17 20 39 43 53
02 29 41 44 53 55
03 16 27 40 45 46
01 21 36 38 47 50
09 22 25 37 56 57
20 25 27 33 42 53
05 13 32 36 42 51
04 06 14 20 24 38
06 12 18 37 47 54
07 26 28 34 54 55
12 20 34 37 42 43
04 22 25 32 33 52
18 31 43 52 57 58
01 13 44 48 49 54
21 24 29 34 59 60
02 04 16 24 51 52
05 16 24 35 38 39
03 13 31 43 46 49
01 04 13 21 38 52
01 07 09 49 54 57
19 20 37 42 44 56
01 18 29 31 37 39
14 29 30 46 48 51
11 24 30 33 46 60
13 14 31 33 35 43
05 11 14 35 53 56
04 07 26 40 42 58
06 40 45 46 50 60
08 18 28 51 52 55
02 22 28 31 36 53
01 03 05 23 24 51
02 04 10 35 39 60
09 21 26 40 52 54
13 34 42 44 55 59
04 18 29 37 43 45
04 05 11 28 32 40
06 21 22 34 36 54
06 15 30 37 45 47
04 06 10 25 34 40
04 15 16 24 42 57
15 18 29 36 51 53
10 23 41 47 54 60
23 28 37 40 48 51
02 13 17 25 31 43
12 22 25 31 32 46
21 29 40 49 54 57
08 17 18 23 33 53
21 24 35 36 37 49
02 24 34 37 38 50
25 26 28 45 51 57
01 19 34 43 44 48
16 27 33 43 45 53
17 23 27 40 43 58
25 34 45 53 56 58
01 03 12 13 53 59
12 14 17 27 47 52
12 13 15 26 33 48
01 05 20 25 32 34
08 12 23 50 54 60
09 25 26 40 41 49
06 08 13 24 31 52
08 18 29 42 44 59
03 14 15 20 21 38
02 08 13 28 34 54
12 27 30 37 44 49
07 16 17 27 34 59
02 07 20 35 51 59
02 14 23 29 38 52
05 09 18 21 36 56
03 13 16 38 42 46
15 30 38 46 58 59
17 23 24 25 42 47
06 16 21 44 57 58
07 13 33 35 43 55
02 05 28 34 47 50
03 17 25 35 48 56
01 23 24 32 46 60
07 30 37 44 53 55
14 18 29 38 44 47
02 06 17 25 26 58
07 11 19 24 33 36
12 26 35 38 39 47
03 05 08 12 46 47
12 16 37 45 52 56
10 42 43 45 54 55
06 07 22 38 52 60
03 13 17 25 29 51
04 16 21 23 54 57
13 15 17 40 53 57
05 17 33 39 42 49
05 14 33 36 43 44
17 19 28 45 48 56
07 14 15 29 38 50
03 08 14 43 56 58
03 06 22 24 54 60
13 17 20 33 44 51
10 22 50 53 57 58
24 43 50 54 55 56
01 08 14 28 33 43
17 37 39 51 52 59
01 09 31 38 46 56
06 33 36 46 49 53
11 25 28 30 33 51
05 10 12 24 25 60
23 27 36 37 42 56
06 10 13 19 20 51
20 32 34 49 58 60
12 33 35 51 52 60
02 16 23 27 47 53
18 32 47 50 54 56
04 16 19 20 27 43
15 25 37 38 58 59
04 18 21 25 38 57
08 43 54 55 56 60
04 17 37 38 47 53
03 05 20 21 38 56
07 13 19 22 40 47
01 02 06 16 19 46
01 05 06 27 42 59
10 11 29 30 36 47
09 37 39 41 43 49
04 05 30 33 41 52